0.000000	0.000000	0.000000	0.000000	0.000000	0.000000	0.000000	0.000000	2.821040	2.914740	3.290560	3.035480	3.374720	3.355000	3.397330	3.273950	3.364770	3.401540	3.419520	3.360420	3.331760	3.315590	3.403990	3.315700	3.203580	2.960430	2.818840	2.817840	2.833570	2.766690	2.954390	3.176110
0.000000	0.000000	0.000000	0.000000	0.000000	0.000000	0.000000	0.000000	-0.037700	-0.073310	-0.102570	-0.067590	-0.072560	-0.073030	-0.075280	-0.017240	-0.058240	-0.055800	-0.097950	-0.060680	-0.027020	-0.059970	-0.117030	-0.096640	-0.116370	-0.088280	-0.035340	-0.066500	-0.080870	-0.064080	-0.027190	-0.153270
0.000000	0.000000	0.000000	0.000000	0.000000	0.000000	0.000000	0.000000	-0.235510	-0.231980	-0.293220	-0.250640	-0.231320	-0.252690	-0.189270	-0.226140	-0.224920	-0.220790	-0.187050	-0.224710	-0.233430	-0.225370	-0.202140	-0.242780	-0.256140	-0.172820	-0.247800	-0.244840	-0.211880	-0.164800	-0.310550	-0.244030
0.000000	0.000000	0.000000	0.000000	0.000000	0.000000	0.000000	0.000000	-0.193710	-0.149910	-0.090880	-0.170360	-0.171650	-0.092800	-0.192080	-0.191320	-0.130840	-0.118580	-0.172220	-0.156250	-0.168000	-0.163530	-0.157830	-0.138320	-0.117240	-0.231560	-0.160210	-0.117510	-0.155910	-0.254500	-0.124580	-0.136100
0.000000	0.000000	0.000000	0.000000	0.000000	0.000000	0.000000	0.000000	-0.077990	-0.104930	-0.112330	-0.110130	-0.080880	-0.198320	-0.133630	-0.133480	-0.197410	-0.246760	-0.149380	-0.154270	-0.139920	-0.117060	-0.115700	-0.130320	-0.106380	-0.040530	-0.108340	-0.156290	-0.117290	-0.053270	-0.066530	-0.024400
0.000000	0.000000	0.000000	0.000000	0.000000	0.000000	0.000000	0.000000	-0.043880	-0.086650	-0.078260	-0.030080	-0.117010	-0.020620	-0.030490	0.007220	-0.019550	0.040440	-0.064700	-0.052310	-0.059720	-0.061350	-0.090450	-0.043640	-0.102250	-0.150060	-0.102450	-0.060430	-0.103000	-0.074980	-0.066990	-0.148970
0.000000	0.000000	0.000000	0.000000	0.000000	0.000000	0.000000	0.000000	-0.165530	-0.069630	-0.163170	-0.148430	-0.143010	-0.151160	-0.152320	-0.248400	-0.131540	-0.165740	-0.090750	-0.083370	-0.105380	-0.204200	-0.142960	-0.223330	-0.185540	-0.114020	-0.144370	-0.111720	-0.077380	-0.151460	-0.181730	-0.174180
0.000000	0.000000	0.000000	0.000000	0.000000	0.000000	0.000000	0.000000	-0.086530	-0.160940	-0.017860	-0.098300	-0.060860	-0.131200	-0.114370	-0.014830	-0.169920	-0.138700	-0.182090	-0.211600	-0.154940	-0.003660	-0.129470	-0.057200	-0.111310	-0.164910	-0.064990	-0.102770	-0.146660	-0.057010	0.043730	0.078780
0.000000	0.000000	0.000000	0.000000	0.000000	0.000000	0.000000	0.000000	0.005290	0.022670	-0.024080	-0.020060	-0.186790	-0.111430	-0.104890	-0.192440	-0.083440	-0.129600	-0.100470	-0.032290	-0.119890	-0.271510	-0.203600	-0.019730	-0.041440	-0.076440	-0.158320	-0.074040	-0.052510	-0.131520	-0.007510	-0.055080
0.000000	0.000000	0.000000	0.000000	0.000000	0.000000	0.000000	0.000000	-0.036890	-0.031630	-0.039930	0.054570	0.047480	0.011520	0.030840	0.020590	-0.014150	0.051900	0.041400	-0.003600	0.055060	0.041380	0.029290	-0.166020	-0.146790	-0.107400	-0.001870	0.001480	-0.057380	0.033110	-0.059200	-0.076470
0.000000	0.000000	0.000000	0.000000	0.000000	0.000000	0.000000	0.000000	-0.190700	-0.210480	-0.181520	-0.279880	-0.225440	-0.247600	-0.259990	-0.191940	-0.255880	-0.286150	-0.279430	-0.227990	-0.246360	-0.133430	-0.222070	-0.101590	-0.161290	-0.219840	-0.199990	-0.213430	-0.126610	-0.215240	-0.147050	-0.087430
0.000000	0.000000	0.000000	0.000000	0.000000	0.000000	0.000000	0.000000	-0.089720	-0.052740	-0.075280	-0.040210	-0.086420	-0.040650	-0.021660	-0.104270	-0.009870	-0.027040	-0.020230	-0.070990	-0.089990	-0.195690	-0.087390	-0.094720	-0.041490	0.029130	-0.083550	-0.061530	-0.145370	-0.061400	-0.088140	-0.154960
0.000000	0.000000	0.000000	0.000000	0.000000	0.000000	0.000000	0.000000	-0.151040	-0.175370	-0.256020	-0.230950	-0.126370	-0.155270	-0.188920	-0.113260	-0.173970	-0.149950	-0.182010	-0.153570	-0.112050	-0.027640	-0.069480	-0.234390	-0.200670	-0.216220	-0.155310	-0.174220	-0.068570	-0.181570	-0.226710	-0.104810
0.000000	0.000000	0.000000	0.000000	0.000000	0.000000	0.000000	0.000000	3.796150	4.600650	5.040500	4.410560	3.690950	2.574730	1.418400	1.400040	-0.078250	-0.221310	-0.050220	-0.069650	-1.072800	-2.524120	-3.953580	-4.714450	-5.106240	-5.381970	-4.422720	-1.773340	0.662450	2.677250	3.503770	3.406630
0.000000	0.000000	0.000000	0.000000	0.000000	0.000000	0.000000	0.000000	-0.489120	-0.465190	-0.414920	-0.094960	0.040570	0.206390	0.043640	-0.091660	0.040640	-0.024230	-0.332270	-0.526020	-0.487140	-0.441770	-0.142400	-0.198870	-0.157920	0.138650	0.455150	-0.050740	-0.418490	-0.828220	-1.060640	-0.963370
0.000000	0.000000	0.000000	0.000000	0.000000	0.000000	0.000000	0.000000	-0.235110	-0.238710	0.028530	0.102030	0.171070	0.246020	0.458900	0.169980	-0.009390	-0.077140	-0.164780	-0.148440	-0.316380	-0.114910	-0.244820	-0.167160	-0.088240	0.122630	-0.277850	-0.210900	-0.305280	-0.465200	-0.220630	-0.279750
0.000000	0.000000	0.000000	0.000000	0.000000	0.000000	0.000000	0.000000	0.313090	0.524680	0.238270	-0.046720	-0.092230	-0.151550	-0.281580	-0.030230	-0.157920	-0.276570	0.013700	-0.049290	-0.077950	-0.335620	-0.145820	-0.011830	-0.006270	-0.454160	-0.273510	-0.149380	0.050580	0.353700	0.104080	0.115750
0.000000	0.000000	0.000000	0.000000	0.000000	0.000000	0.000000	0.000000	-0.298220	-0.683230	-0.689140	-0.638810	-0.788740	-1.016660	-0.820970	-0.637380	-0.343460	0.217970	0.233790	0.431970	0.723350	0.931390	0.464550	0.154400	-0.017290	0.101840	0.195590	0.414130	0.468270	0.536170	0.851370	0.811410
0.000000	0.000000	0.000000	0.000000	0.000000	0.000000	0.000000	0.000000	-0.457260	-0.227720	-0.060940	0.243290	0.389320	0.751000	0.393930	0.106400	0.004210	-0.509500	-0.713340	-0.709460	-0.738280	-0.982750	-0.606260	-0.444530	-0.395450	-0.220590	-0.006700	-0.260590	-0.221920	-0.370950	-0.712320	-0.816710
0.000000	0.000000	0.000000	0.000000	0.000000	0.000000	0.000000	0.000000	0.147290	0.066880	-0.032510	-0.529430	-0.476060	-0.593470	0.068790	0.313980	0.465040	0.204870	0.210090	-0.120170	-0.708650	-0.489650	-0.580540	-0.187260	0.401240	0.577410	0.184470	0.105470	-0.344160	-0.654000	-0.617610	-0.672780
0.000000	0.000000	0.000000	0.000000	0.000000	0.000000	0.000000	0.000000	0.035640	-0.151210	-0.226050	0.125080	-0.215810	-0.348440	-0.974520	-0.982070	-0.971460	-0.111920	-0.164510	0.154410	0.697430	0.347110	0.547540	0.306190	-0.337590	-0.404400	0.590230	1.048590	1.660040	1.864980	1.611820	1.614540
0.000000	0.000000	0.000000	0.000000	0.000000	0.000000	0.000000	0.000000	-0.980480	-1.217940	-1.312520	-1.647120	-1.347950	-1.144710	-0.603160	0.100500	0.482060	-0.476700	-0.702300	-0.067530	-0.042540	0.236490	-0.049790	0.175380	0.801130	0.693100	0.334610	-0.138600	0.159010	0.383420	0.446490	0.078800
0.000000	0.000000	0.000000	0.000000	0.000000	0.000000	0.000000	0.000000	0.516450	0.532050	0.576510	0.512230	0.251490	0.232240	0.108480	-0.309860	-0.057290	0.104600	0.044440	-0.718170	-1.258270	-1.647110	-1.190300	-0.718780	-0.667890	0.092150	0.436480	0.751850	0.196390	-0.352470	-0.774690	-0.700210
0.000000	0.000000	0.000000	0.000000	0.000000	0.000000	0.000000	0.000000	-0.502600	-0.595660	-0.681400	-0.425650	-0.424430	-0.479080	-0.510350	-0.122080	-0.252610	0.307230	0.309750	0.706690	1.046690	0.802100	0.449560	-0.009320	0.070280	-0.397890	-0.059750	0.087270	0.702050	1.004180	0.939690	0.842060
0.000000	0.000000	0.000000	0.000000	0.000000	0.000000	0.000000	0.000000	0.132980	0.225010	0.343930	0.064380	0.176950	0.141000	0.254510	0.019770	-0.119890	-0.863590	-0.836010	-0.696070	-0.683160	0.021440	0.150420	0.458040	0.217830	0.292860	-0.296110	-0.718450	-1.109880	-1.174900	-0.773320	-0.751100
0.000000	0.000000	0.000000	0.000000	0.000000	0.000000	0.000000	0.000000	-0.469960	-0.302320	-0.265050	0.112690	0.209820	0.425990	0.391170	0.073530	-0.055160	0.557790	0.760180	0.048880	-0.103780	-0.534780	-0.559780	-0.815390	-0.513960	-0.541970	-0.258910	0.501570	0.472830	0.483130	0.319830	0.349660
0.000000	0.000000	0.000000	0.000000	0.000000	0.000000	0.000000	0.000000	0.161690	-0.035470	-1.027820	-1.587430	-3.217890	-2.536940	-1.255820	-0.365470	0.060120	-1.014170	-1.077730	-0.553180	-0.150380	-1.577110	-3.887560	-4.090510	-1.817170	1.624240	4.404110	5.443570	5.069730	3.606520	1.749760	0.257780
0.000000	0.000000	0.000000	0.000000	0.000000	0.000000	0.000000	0.000000	0.148730	0.398550	0.489590	0.463780	0.269620	-0.017550	-0.407280	-0.712130	-0.326500	0.068990	0.187450	-0.260350	-0.865020	-0.509720	0.429630	0.898930	0.718900	-0.055910	-0.539110	-0.691040	-0.870880	-0.962010	-0.925610	-0.534330
0.000000	0.000000	0.000000	0.000000	0.000000	0.000000	0.000000	0.000000	0.132470	0.271640	0.649200	0.479410	0.075110	-0.245830	-0.549640	-0.224810	-0.202670	-0.292780	-0.272210	-0.195710	-0.127740	0.086630	-0.019710	-0.034990	0.017130	-0.055100	-0.095170	-0.359170	-0.563650	-0.480460	-0.182450	-0.032840
0.000000	0.000000	0.000000	0.000000	0.000000	0.000000	0.000000	0.000000	-0.646160	-0.752470	-0.959330	-0.666900	-0.271560	-0.034250	0.451890	0.216860	-0.265730	-0.509770	-0.390970	0.073330	0.514430	-0.009030	-0.475160	-0.414150	-0.180580	0.147820	-0.070350	-0.206050	0.183760	0.662890	0.718550	0.434870
0.000000	0.000000	0.000000	0.000000	0.000000	0.000000	0.000000	0.000000	0.071640	-0.129410	-0.221700	-0.216130	-0.353290	-0.142780	-0.183890	0.140540	0.823860	1.116690	0.666490	-0.066220	-0.598750	-0.358420	-0.004500	-0.295940	-0.693660	-0.730360	0.088980	0.966330	0.958710	0.201970	-0.482810	-0.638730
0.000000	0.000000	0.000000	0.000000	0.000000	0.000000	0.000000	0.000000	0.053750	0.336840	0.438480	0.435850	0.598040	0.102590	-0.403150	-1.003360	-1.183670	-0.895900	-0.179710	0.319550	0.302010	-0.082710	-0.410220	-0.198430	0.371790	0.801560	0.462240	-0.341080	-0.893480	-1.076090	-0.756160	-0.336440
0.000000	0.000000	0.000000	0.000000	0.000000	0.000000	0.000000	0.000000	-0.427470	-0.716050	-0.437350	-0.533460	-0.242060	0.081100	0.479820	1.345610	0.702620	-0.332040	-1.419120	-1.831340	-0.948970	0.409750	1.024100	1.355100	0.828110	-0.273870	-0.808880	-1.415080	-1.185880	-0.256470	0.249890	0.466530
0.000000	0.000000	0.000000	0.000000	0.000000	0.000000	0.000000	0.000000	-0.010410	-0.136590	-0.701070	-0.297960	-0.429100	-0.144450	-0.345380	-1.290520	-0.312260	0.857200	1.753240	1.741420	0.095730	-1.577190	-1.317080	-0.865280	0.080270	0.752420	0.568240	1.373800	1.515230	0.573800	-0.254740	-0.868480
0.000000	0.000000	0.000000	0.000000	0.000000	0.000000	0.000000	0.000000	-0.904500	-1.259350	-0.868750	-0.286240	1.178670	1.116120	0.802640	0.983560	0.020910	-0.718600	-1.735470	-1.288270	0.918500	2.470580	1.474940	-0.803240	-1.729270	-1.261600	0.546990	0.786020	0.174720	-0.048120	-0.349880	-0.015860
0.000000	0.000000	0.000000	0.000000	0.000000	0.000000	0.000000	0.000000	0.597650	0.510260	0.097830	-0.780150	-1.091370	-0.583300	-0.066400	0.255520	0.270980	-0.150480	-0.172520	-0.872340	-1.826010	-1.659130	-0.266700	2.173870	2.656640	1.595140	-0.507680	-1.740740	-1.348850	-1.083340	-0.480230	-0.340780
0.000000	0.000000	0.000000	0.000000	0.000000	0.000000	0.000000	0.000000	-0.537330	-0.465570	-0.290090	0.540590	0.432150	0.115080	-0.325860	-0.696500	0.047530	0.938650	1.024290	0.782930	0.093490	-1.003070	-1.050570	-1.449670	-0.497400	0.444450	0.606610	0.921460	0.315050	0.472730	0.411360	0.181790
0.000000	0.000000	0.000000	0.000000	0.000000	0.000000	0.000000	0.000000	-0.140490	-0.247040	-0.113250	-0.360690	-0.030400	-0.060000	-0.045670	0.135050	-0.664830	-1.271080	-1.236090	-0.351540	1.071890	2.167530	1.226810	-0.022790	-1.558720	-2.001480	-0.642960	-0.113110	0.389950	-0.220510	-0.708830	-0.484510
0.000000	0.000000	0.000000	0.000000	0.000000	0.000000	0.000000	0.000000	0.330880	0.941610	1.228280	0.996690	-0.185600	-0.646260	-0.707410	-0.587290	0.137930	0.626400	1.056310	0.075270	-1.536700	-2.475490	-1.492900	0.705380	1.959740	1.693780	-0.097630	-0.921020	-0.873850	0.298520	1.051190	0.765950
