0.000000	0.000000	0.000000	0.000000	0.000000	2.487240	2.562790	2.677120	3.044520	3.181610	3.155790	3.170250	3.152210	2.996150	3.022670	3.028820	3.064920	3.049200	2.894430	2.824570	2.734980	2.663480	2.713460	2.552290	2.485940	2.579700	2.638950	2.846570	3.043690	2.809420	2.663570	2.582610
0.000000	0.000000	0.000000	0.000000	0.000000	0.039680	-0.008840	0.045120	-0.052190	-0.077780	-0.038070	-0.041010	-0.075310	-0.022370	-0.079080	-0.067130	-0.072880	-0.017410	-0.016990	-0.004290	0.001870	-0.037350	0.001050	0.008320	0.046530	-0.037730	-0.031770	-0.036950	-0.097220	-0.123310	-0.017450	-0.006820
0.000000	0.000000	0.000000	0.000000	0.000000	-0.177600	-0.151070	-0.218020	-0.202880	-0.159690	-0.207020	-0.186870	-0.209500	-0.201430	-0.124140	-0.221960	-0.160340	-0.240040	-0.195380	-0.211460	-0.175750	-0.193610	-0.286760	-0.174190	-0.214250	-0.112080	-0.153960	-0.226710	-0.221130	-0.212030	-0.231940	-0.191020
0.000000	0.000000	0.000000	0.000000	0.000000	-0.166090	-0.161230	-0.140490	-0.116290	-0.173920	-0.134350	-0.130360	-0.047930	-0.122600	-0.185300	-0.040740	-0.184530	-0.112760	-0.149950	-0.093840	-0.141720	-0.138950	-0.085560	-0.149930	-0.117910	-0.217860	-0.170200	-0.121980	-0.101070	-0.084820	-0.073880	-0.159070
0.000000	0.000000	0.000000	0.000000	0.000000	-0.037060	-0.051390	-0.091090	-0.072000	-0.004100	-0.025520	-0.076890	-0.150420	-0.059700	-0.035050	-0.165620	0.000910	-0.034570	-0.047130	-0.139400	-0.104850	-0.040520	-0.015520	-0.079040	-0.090330	-0.024660	-0.030050	-0.020810	-0.023520	-0.031620	-0.113990	-0.033720
0.000000	0.000000	0.000000	0.000000	0.000000	-0.108370	-0.085380	0.015580	-0.035210	-0.062890	-0.072710	-0.041610	-0.014550	-0.045170	-0.074820	0.035650	-0.037340	-0.041820	-0.048780	-0.021300	-0.011270	-0.058020	-0.052140	-0.029130	-0.031350	-0.047580	-0.087020	-0.024230	-0.065190	-0.066560	-0.006410	-0.045300
0.000000	0.000000	0.000000	0.000000	0.000000	-0.032050	-0.022280	-0.242990	-0.153650	-0.147010	-0.128530	-0.145960	-0.096590	-0.134790	-0.111070	-0.139600	-0.195490	-0.153700	-0.148100	-0.121780	-0.160290	-0.139750	-0.162440	-0.158500	-0.156860	-0.181830	-0.090740	-0.203920	-0.084630	-0.111220	-0.135770	-0.207980
0.000000	0.000000	0.000000	0.000000	0.000000	-0.099010	-0.156610	-0.042800	-0.166060	-0.137490	-0.143500	-0.121850	-0.179320	-0.130250	-0.113750	-0.196940	-0.080360	-0.118290	-0.122730	-0.181440	-0.102820	-0.078700	-0.032650	-0.068230	-0.051170	-0.036620	-0.158700	0.037230	-0.147310	-0.194980	-0.162530	0.005350
0.000000	0.000000	0.000000	0.000000	0.000000	-0.172310	-0.074360	-0.191870	-0.096100	-0.113950	-0.125850	-0.147680	-0.106860	-0.113870	-0.205880	-0.050070	-0.116810	-0.063090	-0.138000	-0.133280	-0.194320	-0.053970	-0.009290	-0.120200	-0.160340	-0.177260	-0.029040	-0.091770	0.127130	0.033830	-0.024860	-0.216360
0.000000	0.000000	0.000000	0.000000	0.000000	0.008350	0.022130	-0.057270	-0.040610	0.005630	0.014700	-0.016410	0.007120	-0.025070	0.052230	-0.022300	-0.015450	-0.028700	0.003920	-0.057410	-0.043070	-0.017860	0.005150	-0.084780	-0.071940	-0.059290	-0.092990	0.078130	-0.049040	-0.050720	-0.052100	0.031580
0.000000	0.000000	0.000000	0.000000	0.000000	-0.079350	-0.188220	-0.144300	-0.188050	-0.200960	-0.200240	-0.172170	-0.153730	-0.155200	-0.175540	-0.169020	-0.146230	-0.128000	-0.195260	-0.167750	-0.114160	-0.179540	-0.160610	-0.121610	-0.096240	-0.124270	-0.187200	-0.217490	-0.171810	-0.172090	-0.190150	-0.194480
0.000000	0.000000	0.000000	0.000000	0.000000	-0.094350	0.003780	-0.007190	0.024940	0.029350	-0.000000	-0.003760	-0.065180	-0.016750	-0.049730	-0.025170	-0.030270	-0.058310	0.009640	0.019710	-0.045370	-0.001850	-0.059470	0.012140	-0.028070	-0.001890	0.088870	-0.017950	-0.011190	0.007650	0.042170	0.011260
0.000000	0.000000	0.000000	0.000000	0.000000	-0.091270	-0.069350	-0.050880	-0.121430	-0.142760	-0.096490	-0.125910	-0.051700	-0.090780	0.002020	-0.052630	-0.136700	-0.115190	-0.110230	-0.099450	0.001390	-0.133830	-0.167940	-0.129700	-0.073890	-0.071250	-0.190770	-0.190600	-0.238820	-0.133460	-0.138580	-0.078380
0.000000	0.000000	0.000000	0.000000	0.000000	4.849110	6.006210	6.552640	6.343870	4.845900	2.945100	0.911200	-0.872610	-1.270130	-1.605960	-2.063200	-2.475230	-2.828220	-3.272850	-3.946890	-4.385210	-3.725080	-2.421310	-0.650640	1.607020	2.260530	1.898720	1.462870	0.352010	-1.120920	-2.221740	-3.029190
0.000000	0.000000	0.000000	0.000000	0.000000	-0.838660	-0.897260	-0.889860	-0.938970	-0.661330	-0.548440	-0.511630	-0.169670	0.025520	0.059710	0.282480	0.481440	0.309070	0.517060	0.447190	0.502450	0.078250	-0.079960	-0.242410	-0.562470	-0.863090	-0.811220	-0.544710	-0.233960	0.282960	0.431930	0.579770
0.000000	0.000000	0.000000	0.000000	0.000000	-0.114020	-0.210450	-0.196870	-0.264500	-0.267970	0.061540	0.078960	0.079060	-0.221680	-0.090650	-0.224910	-0.111150	-0.193060	-0.623130	-0.131170	-0.238510	0.363260	0.350710	0.184420	-0.008600	0.022940	-0.078150	-0.442950	-0.340690	-0.421880	-0.015430	0.260510
0.000000	0.000000	0.000000	0.000000	0.000000	0.118570	0.173110	0.211870	0.544640	0.460580	0.082210	0.325560	-0.023010	0.080490	-0.256420	-0.195010	-0.345700	-0.061770	0.153350	-0.239530	0.183090	-0.435820	-0.471920	-0.443680	-0.079220	0.118100	0.316120	0.375250	0.186030	0.166070	-0.312470	-0.611510
0.000000	0.000000	0.000000	0.000000	0.000000	-0.150900	-0.034380	-0.134900	-0.489720	-0.368270	-0.125610	-0.478870	-0.250240	-0.160160	0.181760	0.090550	-0.005430	-0.183810	0.081550	0.171870	-0.391830	0.064580	0.347550	0.600190	0.354290	0.132850	-0.169650	0.047390	-0.034960	-0.219100	-0.131470	-0.061720
0.000000	0.000000	0.000000	0.000000	0.000000	0.616870	0.493930	0.459710	0.466950	0.257890	-0.132950	-0.000470	0.223830	0.229130	0.074830	-0.032750	0.003840	-0.041610	-0.173190	-0.353960	-0.036930	-0.082790	-0.298580	-0.252790	-0.258010	-0.174660	-0.029180	-0.061510	0.014410	0.095390	0.109160	-0.076520
0.000000	0.000000	0.000000	0.000000	0.000000	-1.292250	-1.240430	-1.161880	-0.771930	-0.470250	0.029050	0.542120	-0.154580	-0.284930	-0.359610	-0.235510	-0.359410	-0.139950	-0.159110	-0.016220	0.037950	-0.269890	-0.018120	-0.253980	0.174730	0.267350	0.315410	-0.042810	-0.335760	-0.571070	-0.880080	-0.707520
0.000000	0.000000	0.000000	0.000000	0.000000	-0.355810	-0.426860	-0.366790	-0.513770	-0.384170	-0.157310	-0.536440	0.160070	0.126140	0.169520	-0.066740	0.157650	0.172150	0.515530	0.701540	0.494320	0.782400	0.348800	0.717190	-0.106160	-0.761200	-1.073710	-0.400580	0.056670	0.525620	1.010770	0.843550
0.000000	0.000000	0.000000	0.000000	0.000000	0.465410	0.438290	0.277390	0.255150	0.139390	-0.402800	0.201510	-0.072930	0.271240	0.193580	0.099300	-0.340820	0.031170	0.493940	-0.051540	-0.064220	-0.368000	0.250090	0.208700	1.020340	0.893160	1.004780	0.544690	-0.262890	-1.175000	-2.115700	-2.276230
0.000000	0.000000	0.000000	0.000000	0.000000	-0.330800	-0.201870	-0.203760	-0.086700	-0.097230	0.234920	0.293910	0.027700	-0.250010	-0.177850	-0.304040	-0.456330	-0.363430	-0.314450	-0.268910	-0.407710	-0.412010	-0.573510	0.176960	0.037790	-0.044720	0.000890	0.530610	0.584190	0.585590	0.546710	0.248470
0.000000	0.000000	0.000000	0.000000	0.000000	-1.106840	-1.186250	-1.032520	-0.712180	-0.323380	0.059940	0.021160	0.273980	0.382880	0.098090	-0.078700	0.066670	-0.015230	-0.003000	0.068990	0.221120	0.302320	0.200970	-0.298650	-0.455780	-0.342030	-0.569480	-0.708980	-0.619590	-0.330470	-0.083270	-0.080530
0.000000	0.000000	0.000000	0.000000	0.000000	1.069700	1.018790	0.858500	0.361930	0.029890	-0.511660	-0.508910	-0.552440	-0.524350	-0.119150	0.199230	0.218780	0.146900	0.023340	0.064070	0.004840	0.027770	0.245200	0.227900	0.315560	0.184100	0.355300	0.070720	0.073510	-0.123930	-0.229780	0.105030
0.000000	0.000000	0.000000	0.000000	0.000000	-0.249280	-0.250820	-0.364830	-0.147340	-0.125710	0.266660	0.456630	0.385960	0.134410	-0.210150	-0.312790	-0.156180	-0.296760	-0.687020	-0.383130	0.002420	-0.000570	-0.439530	-0.777420	-1.173900	-0.505340	-0.398540	-0.216730	0.066680	0.577860	1.106700	1.045080
0.000000	0.000000	0.000000	0.000000	0.000000	3.623940	3.829990	1.614960	-3.029300	-6.031910	-5.789180	-3.719730	-0.785230	1.288660	0.913780	-0.482840	-2.268100	-2.862440	-0.981300	0.331800	0.859780	0.929840	0.918320	3.047500	5.064520	3.967040	0.334460	-4.725090	-6.890470	-4.014080	-0.775350	1.305830
0.000000	0.000000	0.000000	0.000000	0.000000	-0.677460	-0.583600	-0.299570	0.402320	0.820090	0.412200	0.094880	-0.245900	-0.146890	0.491150	0.633440	0.515010	-0.140960	-0.599750	-0.529420	-0.065410	0.207840	-0.264780	-0.688820	-1.112570	-0.793170	-0.015190	0.791320	1.489180	1.259890	0.650660	0.097930
0.000000	0.000000	0.000000	0.000000	0.000000	-0.015570	-0.015760	0.206780	0.119770	-0.182250	0.209960	0.050160	0.282020	-0.183850	-0.807610	-0.352250	-0.116180	0.554650	0.062330	-0.263060	-0.315170	0.297930	1.201740	0.313260	-0.477390	-1.516850	-1.215820	0.142160	0.691330	0.867050	0.415360	-0.008990
0.000000	0.000000	0.000000	0.000000	0.000000	-0.039890	-0.153660	-0.268000	0.027650	0.424040	-0.097590	-0.250590	-0.945960	-0.489950	0.108700	-0.092460	0.444170	-0.078840	0.141920	-0.045210	-0.203220	-0.394590	-0.831330	-0.210010	0.324120	1.361980	1.210040	-0.056450	-1.077260	-1.613310	-1.169160	-0.472360
0.000000	0.000000	0.000000	0.000000	0.000000	0.278340	0.634420	0.601690	-0.237350	-0.986630	-0.647690	-0.101710	0.971290	0.787750	0.310360	-0.012400	-1.163620	-0.790450	-0.019110	0.834300	0.837950	-0.174040	-0.582200	-0.087290	0.458280	0.128050	-0.647700	-0.957810	-0.484430	0.267580	0.646390	0.427810
0.000000	0.000000	0.000000	0.000000	0.000000	-0.315680	-0.833390	-1.224580	-0.763980	-0.034910	0.280660	0.366460	-0.109460	-0.111270	-0.140820	-0.555420	-0.150250	-0.035590	0.038830	-0.033970	-0.284980	0.049810	-0.046780	-0.111120	-0.209180	-0.127230	0.388420	0.232730	0.187970	-0.073870	-0.299070	-0.138950
0.000000	0.000000	0.000000	0.000000	0.000000	0.004060	0.586450	1.544640	1.663560	1.011510	0.106890	-0.566450	-0.749190	-0.661400	-0.444420	0.228580	0.759640	0.410830	-0.039900	-0.521760	-0.375190	-0.209260	0.274980	0.178160	0.266860	0.398610	-0.118280	-0.244300	-1.193780	-1.227740	-0.798730	-0.390710
0.000000	0.000000	0.000000	0.000000	0.000000	-0.470680	-0.443300	-0.426740	0.029460	0.132270	0.297830	0.108310	0.165460	0.181970	0.105620	0.020410	-0.602820	-0.140740	0.499330	0.951360	0.585650	-0.291550	-1.293230	-0.776120	-0.482090	-0.695330	-0.503030	-0.541770	1.419030	2.437860	2.208990	1.302510
0.000000	0.000000	0.000000	0.000000	0.000000	0.090830	-0.187120	-0.213810	-0.468060	-0.237380	-0.297360	-0.051370	0.219840	0.457600	0.536880	-0.544280	-0.971960	-0.860850	0.521990	1.304010	0.647620	-1.109600	-1.530910	-0.199880	1.847700	2.653520	0.795840	-1.760580	-4.230330	-3.667230	-1.997990	-0.391650
0.000000	0.000000	0.000000	0.000000	0.000000	-0.002960	0.324900	0.665180	0.623700	-0.031760	-0.224830	-0.269920	-0.184790	-0.176190	-0.502610	-0.284470	-0.114510	0.062800	0.260020	0.159110	-0.118120	-0.491450	-0.634590	0.520930	1.025050	0.740680	-0.051690	-1.087690	-0.092110	0.609480	0.879650	0.638110
0.000000	0.000000	0.000000	0.000000	0.000000	-0.107670	0.256330	0.487810	0.879210	0.884830	0.444600	0.018250	-0.401560	-0.229300	-0.085850	-0.117070	-0.139350	-0.244140	0.080860	0.162280	0.151160	0.374600	-0.153100	-0.862260	-1.189500	-0.754410	0.337630	0.849210	0.405760	-0.100390	-0.309470	-0.190450
0.000000	0.000000	0.000000	0.000000	0.000000	-0.009960	-0.546370	-0.933420	-1.420480	-1.149820	-0.477690	0.026820	0.624060	0.305880	0.304450	0.282880	0.110670	0.149740	-0.618190	-0.580980	-0.141090	0.099760	0.889990	0.350530	-0.091860	-0.545100	-0.894150	-0.030890	0.198940	0.175410	-0.102790	-0.398710
0.000000	0.000000	0.000000	0.000000	0.000000	-0.693610	-0.810900	-0.637310	0.326920	0.854560	0.975040	0.671220	-0.580270	-1.092200	-1.481920	-0.745640	0.912540	1.047400	0.360580	-0.822660	-1.236540	0.237510	0.718730	0.086100	-1.118870	-1.300830	0.308140	1.681920	2.091980	0.844620	-0.192090	-0.569710
