0.000000	0.000000	0.000000	0.000000	0.000000	0.000000	0.000000	0.000000	0.000000	0.000000	0.000000	0.000000	0.000000	0.000000	2.123690	2.745830	2.658600	2.625420	2.532980	2.830550	2.885590	2.955540	2.951760	2.975620	2.986730	2.916680	2.903490	2.893990	2.909340	2.891450	2.632950	2.259450
0.000000	0.000000	0.000000	0.000000	0.000000	0.000000	0.000000	0.000000	0.000000	0.000000	0.000000	0.000000	0.000000	0.000000	-0.050580	-0.031450	-0.098620	-0.097430	-0.027940	0.007390	0.011060	-0.024620	-0.021950	-0.043680	-0.038720	-0.017370	-0.041910	-0.039340	-0.017620	-0.034060	-0.006070	0.005620
0.000000	0.000000	0.000000	0.000000	0.000000	0.000000	0.000000	0.000000	0.000000	0.000000	0.000000	0.000000	0.000000	0.000000	-0.229560	-0.165490	-0.141540	-0.130280	-0.184620	-0.188510	-0.157300	-0.191360	-0.136120	-0.125400	-0.190080	-0.205580	-0.087210	-0.156000	-0.176990	-0.165040	-0.159280	-0.138330
0.000000	0.000000	0.000000	0.000000	0.000000	0.000000	0.000000	0.000000	0.000000	0.000000	0.000000	0.000000	0.000000	0.000000	0.003750	-0.104280	-0.065330	-0.139490	-0.107240	-0.053240	-0.099080	-0.005910	-0.121180	-0.117520	-0.000210	-0.022880	-0.179940	-0.052080	-0.037640	-0.030850	-0.072300	-0.101090
0.000000	0.000000	0.000000	0.000000	0.000000	0.000000	0.000000	0.000000	0.000000	0.000000	0.000000	0.000000	0.000000	0.000000	-0.015850	0.075440	0.004920	0.105880	0.085090	-0.017150	-0.010550	-0.078360	0.035940	0.039070	-0.081490	-0.024370	0.080790	-0.023390	-0.040930	-0.085980	-0.020120	-0.007000
0.000000	0.000000	0.000000	0.000000	0.000000	0.000000	0.000000	0.000000	0.000000	0.000000	0.000000	0.000000	0.000000	0.000000	0.008970	-0.052710	-0.008600	-0.019410	-0.029010	-0.030110	0.003280	0.008360	-0.050510	-0.059680	0.021490	-0.016880	-0.044880	-0.036110	-0.007430	0.054910	-0.027900	-0.036990
0.000000	0.000000	0.000000	0.000000	0.000000	0.000000	0.000000	0.000000	0.000000	0.000000	0.000000	0.000000	0.000000	0.000000	-0.103480	-0.086770	-0.086850	-0.173580	-0.215970	-0.082020	-0.132700	-0.071780	-0.101770	-0.091750	-0.085460	-0.069840	-0.131050	-0.071550	-0.074860	-0.127330	-0.111390	-0.072840
0.000000	0.000000	0.000000	0.000000	0.000000	0.000000	0.000000	0.000000	0.000000	0.000000	0.000000	0.000000	0.000000	0.000000	-0.051960	-0.010250	-0.073460	-0.025950	0.005290	-0.126800	-0.083880	-0.158260	-0.067040	-0.064520	-0.142320	-0.160870	-0.023140	-0.092350	-0.129580	-0.132420	-0.080490	-0.114290
0.000000	0.000000	0.000000	0.000000	0.000000	0.000000	0.000000	0.000000	0.000000	0.000000	0.000000	0.000000	0.000000	0.000000	0.042000	-0.036410	-0.030450	-0.065010	-0.149330	-0.069220	-0.096670	-0.038540	-0.128270	-0.129580	-0.051820	-0.012020	-0.112380	-0.098420	-0.022420	-0.038520	-0.126130	-0.074210
0.000000	0.000000	0.000000	0.000000	0.000000	0.000000	0.000000	0.000000	0.000000	0.000000	0.000000	0.000000	0.000000	0.000000	0.071240	0.103320	0.106280	0.046940	0.007250	-0.001090	0.016990	0.017920	0.033680	0.059830	0.021190	0.029660	0.041020	0.061280	0.018810	0.002830	-0.009260	0.021820
0.000000	0.000000	0.000000	0.000000	0.000000	0.000000	0.000000	0.000000	0.000000	0.000000	0.000000	0.000000	0.000000	0.000000	-0.114510	-0.138610	-0.155200	-0.084180	-0.053340	-0.115820	-0.142330	-0.145870	-0.104590	-0.136950	-0.102160	-0.158220	-0.117650	-0.155590	-0.149630	-0.133350	-0.100410	-0.190750
0.000000	0.000000	0.000000	0.000000	0.000000	0.000000	0.000000	0.000000	0.000000	0.000000	0.000000	0.000000	0.000000	0.000000	-0.030950	0.001270	0.010010	-0.015940	-0.053550	0.019640	0.050050	0.036320	-0.003910	0.017720	-0.025000	0.041570	0.014660	0.021420	0.045040	0.026710	-0.002270	0.108940
0.000000	0.000000	0.000000	0.000000	0.000000	0.000000	0.000000	0.000000	0.000000	0.000000	0.000000	0.000000	0.000000	0.000000	-0.055480	-0.130310	-0.064130	-0.109450	0.011380	-0.058260	-0.064850	-0.066050	-0.068110	-0.062500	-0.015570	-0.089720	-0.075310	-0.037070	-0.096820	-0.006700	0.048770	-0.058920
0.000000	0.000000	0.000000	0.000000	0.000000	0.000000	0.000000	0.000000	0.000000	0.000000	0.000000	0.000000	0.000000	0.000000	4.818140	5.577500	5.850160	5.640720	4.584340	2.795320	3.309500	2.866430	1.946610	0.248540	-0.261280	-0.646300	-1.721410	-3.986820	-5.440610	-6.122700	-6.427740	-6.141510
0.000000	0.000000	0.000000	0.000000	0.000000	0.000000	0.000000	0.000000	0.000000	0.000000	0.000000	0.000000	0.000000	0.000000	-0.143150	0.141890	0.383630	0.420960	0.443020	0.349540	0.364670	0.136580	-0.264970	-0.364330	-0.188680	-0.035450	0.096400	0.269880	0.307130	0.319900	0.395040	0.324500
0.000000	0.000000	0.000000	0.000000	0.000000	0.000000	0.000000	0.000000	0.000000	0.000000	0.000000	0.000000	0.000000	0.000000	0.701510	0.569380	0.521050	0.264250	0.190210	0.065600	-0.101540	-0.186340	0.322670	0.241740	0.028780	0.008140	-0.151970	0.015820	0.239410	0.152530	-0.063600	0.244870
0.000000	0.000000	0.000000	0.000000	0.000000	0.000000	0.000000	0.000000	0.000000	0.000000	0.000000	0.000000	0.000000	0.000000	-1.136120	-0.932750	-0.855710	-0.303170	-0.202060	0.038620	0.329650	0.620660	-0.129790	-0.167090	0.068190	0.085860	0.335330	-0.040320	-0.417770	-0.225100	-0.044910	-0.571800
0.000000	0.000000	0.000000	0.000000	0.000000	0.000000	0.000000	0.000000	0.000000	0.000000	0.000000	0.000000	0.000000	0.000000	0.885670	0.545680	0.233410	-0.355390	-0.424430	-0.532720	-0.721760	-0.877960	-0.079380	0.223500	0.053480	-0.239950	-0.533570	-0.261380	0.069420	-0.156530	-0.171370	0.322270
0.000000	0.000000	0.000000	0.000000	0.000000	0.000000	0.000000	0.000000	0.000000	0.000000	0.000000	0.000000	0.000000	0.000000	-0.350120	-0.360830	-0.198840	-0.010880	-0.057790	-0.081910	-0.021140	0.032490	-0.071600	-0.163170	-0.138420	0.280030	0.340950	0.107440	-0.185440	-0.095150	-0.138260	-0.301240
0.000000	0.000000	0.000000	0.000000	0.000000	0.000000	0.000000	0.000000	0.000000	0.000000	0.000000	0.000000	0.000000	0.000000	-0.626430	-0.391340	-0.380420	-0.096610	0.035530	0.206010	0.473510	0.801790	0.434540	0.050810	0.179200	-0.162840	-0.141920	-0.077130	0.008800	0.107300	0.271290	0.132210
0.000000	0.000000	0.000000	0.000000	0.000000	0.000000	0.000000	0.000000	0.000000	0.000000	0.000000	0.000000	0.000000	0.000000	0.289590	-0.113240	-0.269550	-0.691470	-0.642200	-0.567770	-0.583420	-0.857270	-0.255250	0.223360	-0.009800	-0.036910	-0.179680	-0.079300	0.080920	-0.098050	-0.397860	-0.055560
0.000000	0.000000	0.000000	0.000000	0.000000	0.000000	0.000000	0.000000	0.000000	0.000000	0.000000	0.000000	0.000000	0.000000	-1.325930	-1.321610	-1.315850	-0.938910	-0.840330	-0.576710	-0.222580	0.335990	0.301860	-0.050640	0.250500	0.303190	0.237920	0.019320	-0.259870	-0.205680	0.069920	-0.094100
0.000000	0.000000	0.000000	0.000000	0.000000	0.000000	0.000000	0.000000	0.000000	0.000000	0.000000	0.000000	0.000000	0.000000	-0.242830	-0.511050	-0.634550	-0.700080	-0.649260	-0.456260	-0.245980	0.095090	0.261500	0.316450	0.105700	-0.098410	-0.332110	-0.335460	-0.196180	-0.212090	-0.186280	-0.095860
0.000000	0.000000	0.000000	0.000000	0.000000	0.000000	0.000000	0.000000	0.000000	0.000000	0.000000	0.000000	0.000000	0.000000	0.213990	0.182050	0.045370	-0.077630	-0.004160	-0.070060	-0.094860	-0.463280	-0.311340	-0.123440	-0.121880	-0.153960	-0.080930	-0.208350	-0.411430	-0.386730	-0.553740	-0.485370
0.000000	0.000000	0.000000	0.000000	0.000000	0.000000	0.000000	0.000000	0.000000	0.000000	0.000000	0.000000	0.000000	0.000000	0.052660	0.189450	0.397280	0.469180	0.312820	0.215960	0.060710	0.241710	0.153740	-0.125840	-0.019930	0.139330	0.137310	0.417580	0.693180	0.663920	0.833590	0.801340
0.000000	0.000000	0.000000	0.000000	0.000000	0.000000	0.000000	0.000000	0.000000	0.000000	0.000000	0.000000	0.000000	0.000000	-0.002760	0.056670	0.092540	0.133020	0.175800	0.253690	0.152160	-0.029840	-0.355220	0.042420	-0.098720	0.126210	0.508940	0.335710	0.181360	0.258080	0.007410	-0.202020
0.000000	0.000000	0.000000	0.000000	0.000000	0.000000	0.000000	0.000000	0.000000	0.000000	0.000000	0.000000	0.000000	0.000000	-2.157320	-4.306220	-3.576400	-1.106270	1.481590	0.912270	-1.546170	-2.867530	-2.651300	-1.599680	-1.019570	-0.041870	-0.590550	-2.980260	-5.025690	-4.590100	-2.295940	0.094070
0.000000	0.000000	0.000000	0.000000	0.000000	0.000000	0.000000	0.000000	0.000000	0.000000	0.000000	0.000000	0.000000	0.000000	0.031490	0.490720	1.076300	0.981550	0.021450	-0.927530	-1.221670	-0.488560	0.129590	0.370180	0.269280	0.004000	0.150360	0.232530	0.226310	0.193400	0.001680	-0.032070
0.000000	0.000000	0.000000	0.000000	0.000000	0.000000	0.000000	0.000000	0.000000	0.000000	0.000000	0.000000	0.000000	0.000000	-0.199750	-0.789680	-1.051620	-0.993830	-0.083720	0.640850	0.406420	-0.085080	-0.399040	-0.210440	0.258620	0.189390	-0.408150	-0.222300	0.102110	0.407160	0.460230	-0.003200
0.000000	0.000000	0.000000	0.000000	0.000000	0.000000	0.000000	0.000000	0.000000	0.000000	0.000000	0.000000	0.000000	0.000000	-0.147500	0.585640	0.929570	1.521630	0.752250	-0.437180	-0.307460	-0.326090	0.136900	0.078500	-0.532350	-0.018650	0.677790	0.156700	-0.461390	-1.041060	-0.864280	-0.061460
0.000000	0.000000	0.000000	0.000000	0.000000	0.000000	0.000000	0.000000	0.000000	0.000000	0.000000	0.000000	0.000000	0.000000	0.314170	-0.392490	-0.959220	-1.859340	-1.158940	0.506390	0.866170	1.028340	0.186920	-0.208790	0.243590	-0.431390	-0.879870	-0.330170	0.411900	1.227200	0.972360	0.243040
0.000000	0.000000	0.000000	0.000000	0.000000	0.000000	0.000000	0.000000	0.000000	0.000000	0.000000	0.000000	0.000000	0.000000	0.114680	0.281300	0.302820	0.363950	0.123140	-0.309260	-0.306390	-0.175950	0.235450	0.256950	-0.147790	0.171750	0.325920	0.179880	-0.367320	-1.040020	-0.822550	-0.399360
0.000000	0.000000	0.000000	0.000000	0.000000	0.000000	0.000000	0.000000	0.000000	0.000000	0.000000	0.000000	0.000000	0.000000	-0.913240	-0.717140	-0.112470	1.116340	1.491190	0.484780	-0.142300	-0.713690	-0.558050	-0.160630	-0.151570	-0.117980	-0.029360	-0.119960	0.081530	0.471400	0.498420	0.446120
0.000000	0.000000	0.000000	0.000000	0.000000	0.000000	0.000000	0.000000	0.000000	0.000000	0.000000	0.000000	0.000000	0.000000	0.215810	-0.222210	-0.441850	-1.005280	-0.765470	0.520910	0.676140	0.683380	0.097060	-0.157360	0.362090	0.148300	-0.421670	-0.381540	-0.051940	0.291330	0.295560	-0.067920
0.000000	0.000000	0.000000	0.000000	0.000000	0.000000	0.000000	0.000000	0.000000	0.000000	0.000000	0.000000	0.000000	0.000000	-0.455220	-0.126440	0.259210	1.042670	1.242080	0.257630	-0.003500	-0.042530	0.418720	0.442650	-0.196400	-0.378190	-0.214850	-0.070230	-0.331720	-0.300580	-0.083980	0.175340
0.000000	0.000000	0.000000	0.000000	0.000000	0.000000	0.000000	0.000000	0.000000	0.000000	0.000000	0.000000	0.000000	0.000000	-0.704940	-1.122800	-0.968100	-0.127950	0.755850	1.175210	0.724590	0.080900	-0.318440	-0.313660	-0.051390	-0.147600	-0.401830	-0.461460	-0.050930	0.457800	0.616120	0.380040
0.000000	0.000000	0.000000	0.000000	0.000000	0.000000	0.000000	0.000000	0.000000	0.000000	0.000000	0.000000	0.000000	0.000000	0.673770	0.771930	0.310470	-0.663480	-0.994610	-0.446750	0.382000	0.585840	0.136410	-0.249290	-0.409810	0.018950	0.262560	0.196140	-0.149740	-0.658370	-0.723970	-0.449740
0.000000	0.000000	0.000000	0.000000	0.000000	0.000000	0.000000	0.000000	0.000000	0.000000	0.000000	0.000000	0.000000	0.000000	-0.412530	-0.474780	-0.110990	0.436230	0.575550	-0.077870	-0.850960	-0.738360	-0.078830	0.423360	0.618840	0.065290	-0.241770	-0.003370	0.291090	0.772500	0.740340	0.345390
0.000000	0.000000	0.000000	0.000000	0.000000	0.000000	0.000000	0.000000	0.000000	0.000000	0.000000	0.000000	0.000000	0.000000	0.452850	0.854080	0.603830	0.133310	-0.868000	-0.695370	0.066300	0.242030	0.251100	-0.154260	-0.454220	0.194240	0.777610	0.593840	0.208050	-0.984530	-1.311650	-0.880000
