3.588760	3.775670	3.709000	3.715780	3.726820	3.652370	3.643130	3.674070	3.727710	3.657770	3.566750	3.516970	3.543930	3.530020	3.525780	3.810320	3.770420	3.789060	3.859170	4.073130	4.234950	4.208860	4.333020	4.303150	4.380440	4.316920	4.355100	4.183780	3.995150	4.035710	3.990980	3.929170	3.765700	3.877530	3.802510	3.857140	3.945410	3.951650	4.054410	4.013220	4.091730	3.998590	4.043810	4.064420
-0.101610	-0.182340	-0.097880	-0.096030	-0.120820	-0.056850	-0.044390	-0.017860	-0.086950	-0.080620	-0.065130	-0.046160	-0.070970	-0.049740	-0.056570	-0.127790	-0.103230	-0.024880	-0.046980	-0.028230	-0.071570	-0.048450	-0.148630	-0.108590	-0.160130	-0.117320	-0.165710	-0.149030	-0.096070	-0.083500	-0.049920	-0.074450	-0.031870	-0.098520	-0.091640	-0.151100	-0.068560	-0.046860	-0.086230	0.000970	-0.132820	-0.142230	-0.097390	-0.103130
-0.379920	-0.275200	-0.276800	-0.249130	-0.257160	-0.298120	-0.306150	-0.326300	-0.185150	-0.209720	-0.278550	-0.249540	-0.192870	-0.209860	-0.315910	-0.228920	-0.198900	-0.293720	-0.303390	-0.311510	-0.280840	-0.272720	-0.187490	-0.264040	-0.225560	-0.235290	-0.261010	-0.287240	-0.263530	-0.270880	-0.278340	-0.256390	-0.338040	-0.285690	-0.273110	-0.225180	-0.253910	-0.260200	-0.220410	-0.366400	-0.265470	-0.199940	-0.240240	-0.211170
-0.066290	-0.171330	-0.209350	-0.279060	-0.237910	-0.185900	-0.181890	-0.160560	-0.335730	-0.293790	-0.184000	-0.247880	-0.309140	-0.277940	-0.150190	-0.188760	-0.275070	-0.225670	-0.176260	-0.182530	-0.225380	-0.220180	-0.248550	-0.165550	-0.189770	-0.261190	-0.201170	-0.188510	-0.209470	-0.200410	-0.189660	-0.216190	-0.167470	-0.170420	-0.235060	-0.239180	-0.228360	-0.223180	-0.247610	-0.068660	-0.202110	-0.214000	-0.174260	-0.217680
-0.152820	-0.079430	-0.076660	0.005600	-0.036600	-0.145400	-0.139120	-0.138530	-0.011280	-0.060960	-0.182260	-0.115240	-0.070440	-0.119980	-0.154410	-0.199070	-0.093030	-0.039330	-0.138000	-0.135530	-0.102810	-0.131400	-0.168410	-0.233930	-0.194200	-0.080570	-0.114730	-0.109940	-0.110370	-0.142700	-0.137780	-0.085610	-0.082350	-0.170790	-0.054640	-0.095520	-0.115150	-0.114040	-0.091310	-0.228380	-0.036730	-0.121490	-0.205600	-0.138020
-0.133680	-0.184920	-0.156940	-0.238930	-0.166340	-0.047810	-0.072310	-0.117140	-0.135030	-0.101400	-0.013920	-0.069980	-0.117450	-0.062840	-0.076830	-0.035750	-0.119850	-0.254330	-0.089390	-0.139150	-0.098240	-0.095580	-0.017560	0.032540	-0.040880	-0.076660	-0.056200	-0.104770	-0.154510	-0.144530	-0.159710	-0.197420	-0.193730	-0.103190	-0.207180	-0.103970	-0.142030	-0.128990	-0.136100	-0.128760	-0.200470	-0.165910	-0.027920	-0.084810
-0.141290	-0.151480	-0.234940	-0.158150	-0.232090	-0.309020	-0.273430	-0.172320	-0.232280	-0.231320	-0.299430	-0.281260	-0.237530	-0.267790	-0.205010	-0.243370	-0.251070	-0.058050	-0.245750	-0.192450	-0.253320	-0.206810	-0.284250	-0.345910	-0.226050	-0.344250	-0.293090	-0.218610	-0.255250	-0.257020	-0.178370	-0.148530	-0.195270	-0.271690	-0.198420	-0.301420	-0.181140	-0.196830	-0.156850	-0.026190	-0.174020	-0.160400	-0.210710	-0.180080
-0.253160	-0.233910	-0.111560	-0.183530	-0.086360	-0.016700	-0.095250	-0.119410	-0.025570	-0.044540	-0.086010	-0.069470	-0.060730	-0.032650	-0.138820	-0.155150	-0.045450	-0.202690	-0.083050	-0.157520	-0.171490	-0.166310	-0.142760	-0.078950	-0.234270	-0.063370	-0.225580	-0.305790	-0.099690	-0.101540	-0.131180	-0.118590	-0.138310	-0.168260	-0.216190	-0.150630	-0.198060	-0.123270	-0.034100	-0.172120	0.023520	-0.034540	-0.028540	0.022530
-0.093920	-0.239070	-0.182800	-0.186920	-0.218100	-0.289670	-0.245120	-0.135700	-0.299150	-0.240170	-0.199920	-0.263730	-0.359820	-0.341630	-0.121450	-0.260490	-0.398810	-0.269860	-0.222230	-0.271020	-0.174530	-0.307840	-0.248680	-0.268140	-0.083680	-0.231920	-0.108490	-0.111420	-0.259080	-0.371030	-0.287940	-0.252050	-0.192370	-0.213640	-0.167030	-0.152360	-0.240170	-0.247090	-0.236940	-0.137030	-0.140060	-0.375170	-0.183190	-0.245840
-0.135050	-0.012890	-0.182590	-0.153460	-0.054470	-0.010590	-0.086870	-0.152670	0.027340	0.008190	-0.080500	-0.095870	-0.003050	0.003990	-0.074680	-0.045380	-0.030600	0.011300	-0.080760	-0.100320	-0.128160	0.020360	-0.057910	-0.023220	-0.140510	-0.135940	-0.161680	-0.119670	-0.287820	-0.188890	-0.204090	-0.127100	-0.201850	-0.258180	-0.264340	-0.253650	-0.129880	-0.083560	0.036760	0.007040	-0.111460	-0.028650	0.001510	0.003440
-0.138460	-0.304920	-0.177160	-0.191210	-0.264690	-0.244480	-0.200630	-0.091430	-0.227150	-0.221450	-0.245810	-0.174800	-0.214720	-0.250000	-0.242970	-0.255510	-0.176610	-0.268460	-0.246860	-0.202150	-0.236420	-0.278810	-0.250540	-0.316120	-0.265310	-0.227550	-0.249540	-0.306280	-0.042260	-0.143180	-0.052570	-0.166410	-0.164630	-0.177290	-0.174640	-0.200000	-0.208860	-0.232630	-0.234140	-0.202570	-0.096380	-0.115580	-0.272380	-0.189660
-0.133580	0.020820	-0.013870	-0.035170	-0.007770	-0.063030	-0.087220	-0.147000	-0.093460	-0.101360	-0.016140	-0.089300	-0.090560	-0.035600	-0.047680	-0.049670	-0.126110	-0.064000	-0.014570	-0.073230	-0.021320	-0.078340	-0.040530	0.009430	0.002520	-0.023050	0.002490	0.053040	-0.085590	-0.020030	-0.128710	-0.036760	-0.034220	0.026770	-0.003910	0.035410	-0.038630	-0.022930	-0.084680	-0.134840	-0.159860	-0.183590	0.012580	-0.050140
-0.128180	-0.216230	-0.252080	-0.227240	-0.257230	-0.172540	-0.069750	-0.198790	-0.142840	-0.141430	-0.212000	-0.096260	-0.070970	-0.142910	-0.193340	-0.107350	-0.050770	-0.112510	-0.222370	-0.097160	-0.157990	-0.024620	-0.123010	-0.147370	-0.135720	-0.136070	-0.152150	-0.252280	-0.144030	-0.092810	-0.073470	-0.192290	-0.133640	-0.176240	-0.131400	-0.199120	-0.096560	-0.123950	-0.202140	-0.182910	-0.195060	-0.049450	-0.311030	-0.355260
1.251310	0.933520	0.515140	0.166170	-0.053540	-0.692010	-0.828990	-1.289490	-1.416230	-1.371580	-1.519330	-0.448560	0.450160	1.595280	2.609760	3.823640	4.929510	5.347830	5.528260	4.765040	4.956300	4.123910	2.990900	0.957130	-1.085960	-2.079710	-3.183580	-3.696070	-4.607930	-4.148570	-3.803970	-2.535550	-1.272700	-0.689690	0.550690	1.384000	2.200050	1.663640	1.634370	1.146120	0.669130	0.426200	0.095430	0.165700
-0.242770	0.026880	0.301650	0.625320	0.588860	0.563030	0.174560	0.167020	0.017750	-0.195520	-0.187410	-0.402120	-0.302550	-0.149620	-0.115570	0.037320	0.074790	0.106100	-0.179640	-0.240530	-0.811650	-1.056430	-1.088870	-1.024320	-0.552090	-0.178430	0.457060	0.495040	0.829330	0.562610	0.475830	-0.116420	-0.309720	-0.231860	-0.297850	0.155600	-0.099650	-0.121310	-0.186500	-0.241360	-0.582070	-0.558020	-0.390900	-0.364360
1.084990	0.950790	0.702690	0.300180	0.408640	0.224060	0.117600	0.122520	0.465250	0.643590	0.145590	-0.026760	-0.257060	-0.288290	-0.372470	-0.739610	-0.806040	-0.525330	0.091170	-0.151120	0.143550	0.546050	0.407960	0.083920	-0.202040	-0.412020	-0.621240	-0.310890	-0.640940	-0.495240	-0.287740	0.020730	0.047310	0.133920	0.339640	-0.126370	0.009090	0.007570	-0.031520	0.063090	0.335430	0.450120	0.490590	0.680990
-1.825360	-1.671300	-1.381610	-0.890980	-1.006790	-0.685370	-0.222550	-0.192650	-0.717760	-0.882270	-0.235700	0.240930	0.485850	0.167030	0.145520	0.530270	0.422790	0.007320	-0.454610	0.024790	0.229870	-0.281290	-0.319240	-0.083970	0.048300	0.029570	0.054840	-0.198360	0.125900	0.319200	-0.122500	-0.306720	-0.346340	-0.430220	-0.552760	0.141430	0.048180	0.136880	0.416330	0.202730	-0.048840	-0.267820	-0.471590	-0.803000
1.056500	0.661970	0.285150	-0.103000	0.003510	-0.230230	-0.674060	-0.733130	-0.163040	0.073860	-0.287550	-0.787220	-0.799790	-0.006830	0.171060	-0.170570	-0.092980	0.081810	-0.078190	-0.623980	-1.154630	-0.705430	-0.136800	0.033000	0.185400	0.346960	0.425110	0.533230	0.243990	-0.351910	0.061490	0.114660	0.094050	0.080940	0.000790	-0.654410	-0.191580	-0.100350	-0.748640	-0.511050	-0.394490	-0.333580	-0.244240	-0.017310
-0.653530	-0.097650	0.274340	0.405650	0.448850	0.627950	0.868500	0.853740	0.152180	-0.089500	0.102010	0.364330	0.029540	-0.929880	-0.942080	-0.727930	-0.505220	-0.480960	0.106550	0.779290	1.254290	1.170810	0.453600	0.168710	-0.548550	-1.006030	-1.464620	-1.619820	-1.329860	-0.818610	-0.839940	-0.215600	0.061450	0.179190	0.292870	0.351610	-0.096020	-0.383880	0.305100	0.171280	0.431170	0.481600	0.539990	0.518640
-0.720700	-1.180130	-1.329440	-0.942180	-0.763730	-0.490470	-0.450560	-0.607310	-0.158910	-0.121840	-0.182610	-0.322880	-0.018450	0.837010	0.772220	0.594530	0.157240	0.096670	-0.455630	-0.924210	-0.964270	-1.532970	-0.838750	-0.550050	-0.168590	-0.035710	0.647990	1.035410	0.791860	0.691320	0.338480	-0.316420	-0.109440	-0.185920	-0.169710	0.662200	0.899790	0.983660	0.449320	0.342890	-0.296890	-0.456610	-0.695850	-0.751920
1.069080	1.617640	1.615560	1.358920	1.343890	1.025360	0.428610	0.361860	-0.071860	-0.030250	-0.118700	-0.543080	-0.589580	-0.869790	-0.589230	-0.775320	-0.863110	-0.784460	-0.365640	-0.112290	-0.621740	0.180010	-0.435280	-0.750390	-0.390700	-0.166110	-0.104110	0.090860	0.501820	0.075730	0.246420	0.021150	-0.869870	-0.538950	0.162940	0.097170	0.917900	1.265600	1.383760	1.326910	1.359120	0.980990	0.756240	0.831490
-1.208100	-1.539890	-1.497730	-0.866650	-0.847630	-0.387420	-0.345740	-0.317130	-0.612520	-0.818190	-0.377430	-0.438340	-0.490000	-0.580050	-0.213930	0.140350	0.632610	0.022000	-0.312990	0.282110	1.066510	0.389570	0.684200	1.043890	0.458200	-0.104760	-0.805440	-1.086620	-1.223040	-0.598030	-0.397830	0.413320	0.902430	0.754330	0.075090	0.076870	0.095060	-0.640750	-0.532190	-0.471670	-0.258980	-0.391870	-0.553670	-0.666000
0.184740	0.545800	0.477260	0.097360	0.455150	0.573930	0.805460	0.194620	0.014020	0.206160	0.244490	0.082720	-0.390420	0.082070	0.106590	-0.301680	-0.878320	-0.364430	-0.151870	-0.132030	-0.486280	-0.653230	-0.608250	-0.682600	-1.488460	-1.850270	-1.469510	-0.947750	-0.482330	-0.650030	-0.701900	-0.711250	0.076480	0.218950	1.133110	1.626740	1.820120	1.955360	1.756460	1.274720	0.578670	0.244390	0.008360	0.286980
-1.016410	-1.056360	-0.814910	-0.074470	0.076050	0.338060	-0.246650	0.032360	0.079090	-0.359160	-0.682980	-0.839210	-0.078950	-0.279520	-0.323900	-0.285800	-0.073380	-0.168530	-0.262920	-0.583950	-0.691250	-0.243200	-0.291440	-0.477590	0.675350	1.093370	1.568610	1.503640	1.033760	0.615780	0.309180	-0.261710	-1.201290	-1.013270	-1.145540	-0.607510	-0.063880	0.341780	0.007900	0.113210	0.106770	0.045680	-0.153440	-0.403090
1.082880	0.866730	0.483260	-0.185670	-0.627040	-1.140100	-0.572430	-0.433950	-0.331620	0.182980	0.400790	0.474340	-0.094330	-0.167780	-0.112420	0.047620	0.106560	-0.136890	0.033490	0.348280	0.568410	0.251800	0.244850	0.620770	0.081220	0.075810	-0.650720	-0.770030	-0.633070	-0.243030	-0.127880	0.253170	0.557880	0.323880	0.107990	-0.787260	-1.316720	-1.805270	-1.054780	-0.694470	-0.091280	0.227200	0.635720	0.762690
-1.258670	-0.996050	-0.277890	-0.134350	0.303610	0.761860	0.510840	0.539300	0.637310	0.141300	-0.247270	0.242890	0.351750	0.345400	-0.123700	-0.363870	-0.383470	0.318570	0.220960	-0.246110	-0.282600	-0.009170	-0.023470	-0.947990	-0.783540	-0.671500	0.119600	-0.007710	0.047060	-0.024070	0.122980	-0.085940	-0.338320	-0.314680	-0.367830	-0.138000	-0.441420	0.133620	-0.634880	-1.221290	-1.922470	-1.954720	-1.865180	-1.935310
-0.584840	-1.632940	-1.957650	-1.603680	-0.433300	0.757510	0.205270	-0.918060	-1.743650	-1.196120	0.287710	2.417410	3.220690	2.774810	1.513570	-0.105520	0.701920	1.363510	1.367380	-0.351730	-2.422490	-2.711290	-2.454920	-2.081050	-3.215020	-3.442950	-2.636220	-0.580620	0.976150	0.962890	0.757710	0.839650	2.133840	2.323710	2.342730	1.206670	0.051010	-0.673320	-1.667600	-1.232820	-0.872210	-0.020310	0.364510	0.227190
0.221040	0.614330	0.542590	0.424630	0.012990	-0.785130	-0.933160	-0.855590	-0.134810	0.353250	0.216850	-0.390390	-0.732150	-0.371280	0.259570	0.963650	0.547960	-0.321100	-1.127690	-1.379190	-0.869960	-0.278270	0.340280	0.387540	0.620690	0.602980	0.794330	0.654820	0.030660	-0.567670	-1.125950	-1.171180	-0.837350	0.148890	0.675180	1.130760	0.141230	-1.032660	-1.194470	-1.112890	0.313400	0.774180	0.611820	0.355080
-0.134410	-0.823140	-1.337650	-1.624840	-0.598120	0.762050	0.950580	0.473450	-0.689210	-0.761170	-0.497760	-0.373140	-0.228460	-0.377800	-0.087750	-0.493740	-0.629430	-0.020810	0.845430	1.258720	0.616110	-0.316300	-1.038660	-0.887240	-0.722320	-0.339990	0.098680	0.257600	-0.002150	-0.256930	-0.246700	0.167210	0.833850	0.457200	0.011820	-1.020420	-1.144750	-0.298560	0.327820	1.315950	0.604180	-0.276590	-0.678920	-0.858370
-0.406440	0.497730	1.479950	2.212810	0.802540	-1.051680	-1.343130	-0.708460	0.776070	0.679450	0.170080	0.429260	0.377630	0.156550	-0.660150	-0.687650	-0.007420	0.086470	-0.445250	-0.635150	-0.093860	0.228460	0.219230	-0.372370	-0.328650	0.197740	0.085190	-0.088010	-0.188350	-0.114590	-0.104100	-0.378760	-0.822660	-0.616860	-0.022800	0.942720	1.106260	0.432040	-0.346410	-1.499020	-0.927130	-0.374910	0.005640	0.313380
0.241450	-0.652820	-1.597640	-2.270560	-0.928370	1.001150	1.112510	0.357140	-0.990720	-0.879160	0.128100	-0.140340	-0.258210	0.173150	0.648090	0.874900	-0.232970	-1.161050	-0.839020	-0.739450	-0.562020	0.111590	0.863700	1.616350	0.989340	-0.623390	-1.235920	-0.938950	-0.018600	0.320770	0.188410	-0.168210	-0.307700	-0.073330	-0.410220	-0.710490	-0.338650	-0.001680	0.112510	0.233880	-0.660460	-0.217200	0.225610	0.189500
-0.288590	0.594090	1.305310	1.512900	0.188560	-1.345920	-1.072560	-0.214460	0.422520	0.111560	-0.853740	-0.507470	-0.062560	-0.767630	-0.894530	-0.946190	0.412460	1.761930	1.237370	1.120180	0.174910	-0.642070	-1.266450	-1.966830	-1.410310	-0.675380	-0.174070	0.098030	0.182160	0.571400	0.621840	0.749080	0.483230	-0.076330	-0.033640	-0.529140	-0.605190	-0.646730	-0.079810	0.794650	1.147390	0.510810	-0.412370	-0.626820
-0.020880	-0.329710	-0.355020	-0.033610	0.782330	1.272320	0.390470	-0.787500	-0.984580	-0.474070	0.791170	0.939970	0.125480	0.454500	-0.041270	-0.005220	-0.648180	-1.709200	-0.912060	-0.951860	-0.033450	0.074210	0.162350	1.009840	0.598340	0.831810	0.329490	0.073350	0.217710	-0.589160	-1.081320	-1.553030	-0.831920	0.478830	1.068430	1.847080	0.671000	-0.334880	-1.487810	-2.374680	-0.942970	-0.028170	0.692680	0.585090
0.032040	0.286440	-0.136650	-0.616960	-1.179870	-1.181260	-0.427030	-0.194800	-0.312240	-0.227880	-0.424110	-0.660770	-0.401330	-0.724100	0.158890	0.460690	-0.135030	0.081680	-0.467180	0.425680	0.429550	0.240700	-0.224570	-1.482940	-0.538890	-0.062300	1.471240	1.832650	-0.058090	-0.976970	-1.818390	-1.204620	-0.126040	0.505730	1.363090	0.909880	0.895890	0.147340	-0.481000	0.077420	-0.685770	-0.342700	-0.248300	-0.343260
0.192000	0.390110	0.220020	0.560040	0.478690	0.472790	0.286770	-0.579900	-0.584790	-1.055890	-0.129240	0.917840	0.794330	0.272690	-1.068040	-0.502130	1.068410	0.760020	-0.050800	-1.094410	-0.601560	0.891870	1.088400	0.699780	-1.041040	-2.147580	-2.697030	-1.695080	0.974680	2.439760	2.408440	0.988000	-0.868540	-1.524740	-1.503720	-0.691310	0.753690	0.396900	-0.094730	-1.139570	-0.995900	0.649500	1.000530	1.082260
-0.233840	0.095370	0.722100	0.311340	-0.271050	-0.384040	-0.248210	0.115740	-0.628330	-0.613370	-0.170290	0.214180	-0.028380	-0.346180	-0.214100	-0.339260	-0.732700	-0.636610	0.265080	1.132690	0.621150	-1.076040	-1.702360	-1.238380	-0.348350	0.258810	0.204940	0.580690	1.215620	0.469790	-0.509650	-1.363640	-0.459210	1.530660	2.737640	2.521700	0.052860	-1.798530	-2.592950	-1.507650	0.303690	0.467760	0.195570	-0.384520
0.200460	0.550090	0.355380	0.744670	0.854520	0.191270	-0.593820	-1.455920	-0.627560	0.091360	0.351660	-0.259030	-0.274710	0.141710	0.207260	0.251400	-0.350440	-0.221420	-0.282750	-0.697260	-0.424840	0.075540	0.569610	0.631290	0.763160	0.743820	1.164030	0.548220	-1.486620	-2.046960	-2.183250	-0.789790	0.307160	0.105150	0.029680	-0.056300	0.737450	1.330700	0.617080	-0.593500	-1.662830	-1.255170	-0.176560	0.255280
-0.583180	-1.418580	-1.724410	-1.718910	-1.152910	-0.032780	0.835560	1.325430	0.712640	0.000570	-0.639500	-0.277820	-0.250400	-0.569830	-0.244250	-0.087840	0.661260	0.238620	-0.427160	-0.203450	-0.057640	0.461270	0.119340	-0.309190	-0.647170	-0.734600	-1.056850	-0.964650	0.122240	0.852450	1.598690	0.912460	-0.295330	-1.067240	-1.484230	-1.451540	-1.070200	-0.768650	0.611970	1.847530	2.043400	1.298980	-0.130370	-0.533520
0.037890	0.793480	1.805270	1.711820	0.996000	-0.512490	-1.657720	-0.756030	0.010090	0.604490	0.328320	-0.868620	-0.617910	0.106520	0.130750	-0.261970	-1.014200	-0.171760	0.950910	0.532490	-0.173290	-1.410460	-0.916030	-0.399750	-0.209260	0.465170	0.939000	1.173770	0.094730	-1.148270	-1.360280	-0.534480	0.366090	0.774560	0.108410	-0.350460	-0.936430	-0.265750	0.083790	-0.712850	-1.466750	-2.275230	-1.447700	-0.529420
