0.000000	0.000000	0.000000	0.000000	0.000000	0.000000	0.000000	0.000000	0.000000	2.904430	2.911350	2.951680	3.009070	2.965850	2.996960	3.215270	3.445920	3.470380	3.507900	3.442320	3.442060	3.428180	3.447570	3.450290	3.508350	3.453830	3.474580	3.251350	3.192540	3.081340	3.009540	2.961060
0.000000	0.000000	0.000000	0.000000	0.000000	0.000000	0.000000	0.000000	0.000000	-0.056930	0.005040	-0.052750	0.018160	-0.021090	-0.028710	-0.033830	-0.041920	-0.015190	-0.038190	-0.046150	-0.023910	0.030870	-0.011110	-0.024960	-0.109130	-0.075820	-0.151460	-0.101380	-0.114740	-0.023520	-0.075840	-0.090980
0.000000	0.000000	0.000000	0.000000	0.000000	0.000000	0.000000	0.000000	0.000000	-0.155940	-0.203200	-0.145040	-0.225910	-0.171460	-0.183750	-0.239880	-0.181380	-0.184590	-0.148520	-0.194150	-0.166790	-0.203020	-0.174930	-0.213420	-0.221550	-0.265280	-0.178440	-0.234700	-0.104980	-0.185260	-0.112790	-0.157910
0.000000	0.000000	0.000000	0.000000	0.000000	0.000000	0.000000	0.000000	0.000000	-0.205720	-0.168310	-0.204830	-0.145780	-0.169380	-0.188330	-0.112420	-0.117730	-0.143890	-0.186770	-0.100850	-0.148320	-0.111510	-0.175220	-0.164200	-0.116660	-0.077630	-0.161110	-0.172580	-0.319720	-0.195110	-0.251900	-0.235860
0.000000	0.000000	0.000000	0.000000	0.000000	0.000000	0.000000	0.000000	0.000000	-0.099010	-0.111930	-0.141920	-0.211320	-0.224430	-0.217690	-0.156350	-0.238810	-0.148290	-0.095420	-0.222520	-0.177680	-0.254700	-0.132910	-0.101290	-0.150370	-0.207360	-0.159500	-0.055330	0.014380	-0.118730	-0.072220	0.017890
0.000000	0.000000	0.000000	0.000000	0.000000	0.000000	0.000000	0.000000	0.000000	-0.030760	-0.046460	0.021150	0.002040	0.016060	0.004220	-0.045020	-0.028820	-0.084990	-0.127700	-0.009580	-0.044810	0.064360	-0.030680	-0.066230	-0.052800	0.008880	-0.039290	-0.016690	-0.034390	-0.025980	-0.008490	-0.122010
0.000000	0.000000	0.000000	0.000000	0.000000	0.000000	0.000000	0.000000	0.000000	-0.145430	-0.137230	-0.203930	-0.163110	-0.152510	-0.174960	-0.139630	-0.083710	-0.068320	-0.031300	-0.116030	-0.085850	-0.122070	-0.122340	-0.144090	-0.112660	-0.193190	-0.180720	-0.234030	-0.295380	-0.150140	-0.228840	-0.143930
0.000000	0.000000	0.000000	0.000000	0.000000	0.000000	0.000000	0.000000	0.000000	-0.226550	-0.108440	-0.173730	-0.206470	-0.212550	-0.235720	-0.259430	-0.216630	-0.101950	-0.094340	-0.183820	-0.126960	-0.165110	-0.123900	-0.131790	-0.341390	-0.267170	-0.261230	-0.270100	-0.113060	-0.253250	-0.080480	-0.106800
0.000000	0.000000	0.000000	0.000000	0.000000	0.000000	0.000000	0.000000	0.000000	-0.061610	-0.224470	-0.171370	-0.332390	-0.311080	-0.341940	-0.102920	-0.324420	-0.335660	-0.332600	-0.247660	-0.292960	-0.168560	-0.230960	-0.233950	-0.119530	-0.210770	-0.262640	-0.093590	-0.227790	-0.133930	-0.210450	-0.213170
0.000000	0.000000	0.000000	0.000000	0.000000	0.000000	0.000000	0.000000	0.000000	-0.061380	0.049060	-0.040930	-0.026190	-0.024860	-0.036560	-0.115870	0.018050	0.073000	0.110360	0.004510	0.041480	0.028490	0.056420	0.050940	-0.051510	-0.042280	-0.001010	-0.008290	-0.033990	-0.050800	-0.007840	0.092990
0.000000	0.000000	0.000000	0.000000	0.000000	0.000000	0.000000	0.000000	0.000000	-0.268370	-0.212960	-0.232330	-0.146440	-0.160170	-0.172970	-0.208010	-0.183360	-0.135970	-0.149550	-0.192710	-0.150150	-0.208610	-0.187270	-0.202890	-0.235820	-0.180440	-0.248970	-0.297880	-0.216400	-0.251520	-0.194020	-0.256940
0.000000	0.000000	0.000000	0.000000	0.000000	0.000000	0.000000	0.000000	0.000000	0.075860	-0.058640	0.022900	-0.092050	-0.060500	-0.041980	0.015760	-0.062200	-0.139530	-0.140410	-0.052520	-0.098490	-0.032890	-0.091460	-0.099800	-0.023760	-0.106140	-0.039180	0.035220	-0.022760	0.036710	-0.048000	-0.048640
0.000000	0.000000	0.000000	0.000000	0.000000	0.000000	0.000000	0.000000	0.000000	-0.164660	-0.040220	-0.073990	0.088710	0.058180	0.071460	-0.025020	0.006680	-0.027540	-0.047870	-0.031580	-0.050780	-0.087200	-0.024400	-0.014550	-0.050530	0.060030	0.016350	-0.116550	-0.028330	-0.075080	-0.019260	-0.056380
0.000000	0.000000	0.000000	0.000000	0.000000	0.000000	0.000000	0.000000	0.000000	0.584490	0.734370	1.664980	3.207320	4.306020	4.988860	4.840520	4.361800	3.624140	2.328830	0.718230	-0.021890	-0.119940	-0.020610	-0.630810	-1.547540	-2.660640	-3.769610	-4.556900	-4.844070	-4.351720	-3.584670	-2.221130
0.000000	0.000000	0.000000	0.000000	0.000000	0.000000	0.000000	0.000000	0.000000	0.362430	0.298210	0.185300	0.016910	-0.059550	-0.269750	-0.220660	-0.320370	0.124790	0.193010	0.157770	-0.243520	-0.476730	-0.844950	-0.991550	-1.168220	-0.800220	-0.367920	-0.099410	0.179720	0.104000	0.176670	-0.113690
0.000000	0.000000	0.000000	0.000000	0.000000	0.000000	0.000000	0.000000	0.000000	-0.374040	-0.363440	-0.549550	-0.417680	-0.273220	0.044180	-0.064680	0.217640	-0.027550	0.088930	-0.006480	-0.385410	-0.665090	-0.529560	-0.444860	0.016750	0.204870	0.520200	0.705250	0.680870	0.560320	0.157460	0.081430
0.000000	0.000000	0.000000	0.000000	0.000000	0.000000	0.000000	0.000000	0.000000	0.287830	0.222810	0.444050	0.550720	0.464790	0.145510	0.337990	0.090510	0.229060	-0.039520	-0.352930	-0.120760	0.245190	0.106360	-0.275530	-0.830560	-0.905670	-0.977080	-1.162500	-1.232170	-0.992480	-0.438430	-0.143550
0.000000	0.000000	0.000000	0.000000	0.000000	0.000000	0.000000	0.000000	0.000000	-1.013910	-1.195070	-1.012190	-1.101790	-0.689510	-0.016510	0.079910	0.316350	-0.066550	0.015530	0.166300	0.311020	-0.190470	-0.079340	0.723990	1.130590	0.992030	0.595450	0.985810	1.383470	1.416520	0.996340	0.590230
0.000000	0.000000	0.000000	0.000000	0.000000	0.000000	0.000000	0.000000	0.000000	0.297300	0.321400	0.113500	-0.015300	-0.370740	-0.842780	-0.823920	-0.644750	-0.058430	0.155430	0.214670	0.151820	0.424530	0.185920	-0.221500	-0.220140	-0.336490	0.144190	-0.231580	-0.693780	-1.033050	-0.994650	-1.066270
0.000000	0.000000	0.000000	0.000000	0.000000	0.000000	0.000000	0.000000	0.000000	-0.266700	-0.309760	-0.181980	0.163690	0.509220	0.925690	0.930130	0.700590	0.412150	0.134650	-0.372290	-0.607750	-0.912720	-0.981340	-0.965740	-1.416430	-0.955890	-0.926980	-0.453010	-0.066200	0.477600	0.650010	0.835510
0.000000	0.000000	0.000000	0.000000	0.000000	0.000000	0.000000	0.000000	0.000000	0.263420	0.021740	-0.305600	-0.428870	-0.103370	0.128010	0.459770	0.767900	0.712960	0.751150	0.553230	-0.705530	-1.371460	-1.389720	-1.246080	-0.745940	-0.593050	0.186460	0.982180	1.721300	1.387440	1.190080	0.862050
0.000000	0.000000	0.000000	0.000000	0.000000	0.000000	0.000000	0.000000	0.000000	-2.269120	-2.597570	-1.689600	-1.626360	-1.345240	-0.777830	-0.413980	0.057370	0.342810	0.321360	0.053530	1.330510	1.151600	0.595420	0.657710	0.368860	0.209120	0.206260	-0.077600	-0.394220	-0.159520	-0.287390	-0.672190
0.000000	0.000000	0.000000	0.000000	0.000000	0.000000	0.000000	0.000000	0.000000	0.326470	0.223130	-0.222270	-0.077450	0.207700	0.507930	0.765290	0.765060	0.704140	0.706920	0.547970	-0.504870	-0.915510	-0.826010	-0.504780	-0.696940	-0.732970	-0.569840	0.172640	0.851150	0.975330	1.001140	1.098000
0.000000	0.000000	0.000000	0.000000	0.000000	0.000000	0.000000	0.000000	0.000000	0.849500	0.909510	0.733960	0.596660	0.563910	0.344460	0.110610	-0.070080	-0.137390	-0.125830	-0.213650	-0.578470	-0.570700	-0.603060	-0.785900	-0.710320	-0.538720	-0.328030	-0.276930	-0.234270	-0.302190	-0.072090	-0.108170
0.000000	0.000000	0.000000	0.000000	0.000000	0.000000	0.000000	0.000000	0.000000	-1.366180	-1.345840	-0.976650	-0.859220	-0.913040	-0.754980	-0.701640	-0.430540	-0.350420	-0.406000	-0.371420	0.313900	0.319390	0.250020	0.373560	0.528920	0.662610	0.650220	0.357520	-0.019720	-0.067900	-0.503120	-0.661030
0.000000	0.000000	0.000000	0.000000	0.000000	0.000000	0.000000	0.000000	0.000000	1.880800	2.133980	1.765040	1.383330	0.693330	-0.215090	-0.552940	-1.145060	-1.092550	-0.765540	-0.250130	-0.275110	0.326250	0.528380	0.053350	0.081320	-0.176950	-0.369760	-0.465010	-0.479000	-0.631070	-0.224440	0.080200
0.000000	0.000000	0.000000	0.000000	0.000000	0.000000	0.000000	0.000000	0.000000	0.316840	0.210520	0.679590	1.951110	3.336050	3.049570	0.079350	-3.336260	-4.605810	-3.566470	-1.164870	0.476070	0.737590	0.398830	-1.079890	-2.597900	-3.246420	-2.987200	-1.006340	0.688630	1.916270	2.020090	1.166720
0.000000	0.000000	0.000000	0.000000	0.000000	0.000000	0.000000	0.000000	0.000000	0.036370	-0.274510	-0.425550	-0.744960	-0.346010	0.002150	0.032270	0.179880	0.144480	0.313800	0.201790	-0.590470	-1.269710	-1.368680	-0.682570	0.418730	1.123750	1.381310	0.699100	-0.124490	-0.908330	-1.044620	-0.626180
0.000000	0.000000	0.000000	0.000000	0.000000	0.000000	0.000000	0.000000	0.000000	-0.236690	-0.028940	-0.179140	0.129040	-0.008610	0.273690	0.572290	0.069620	-0.245210	-0.630970	-0.499910	-0.347180	-0.366750	-0.195330	0.078920	0.862360	1.055290	0.635650	0.130960	-0.848690	-0.783600	-0.555040	-0.260830
0.000000	0.000000	0.000000	0.000000	0.000000	0.000000	0.000000	0.000000	0.000000	0.117110	-0.108040	0.004250	-0.044970	0.093790	-0.144770	-0.594260	-0.506380	-0.103100	0.154080	-0.261410	-0.275810	-0.032100	0.408100	0.212380	-1.287500	-1.732210	-1.046730	0.225350	1.514350	0.910760	0.194040	-0.282410
0.000000	0.000000	0.000000	0.000000	0.000000	0.000000	0.000000	0.000000	0.000000	-0.748370	-0.718680	0.023920	0.799750	1.193440	1.183140	0.255480	-0.126910	-1.133690	-1.102200	0.320690	0.825830	0.983240	-0.390780	-0.852740	0.476060	1.112150	0.732650	-0.492840	-1.043690	-0.019670	0.731350	0.750190
0.000000	0.000000	0.000000	0.000000	0.000000	0.000000	0.000000	0.000000	0.000000	0.060920	-0.006190	-0.534440	-0.829650	-1.050330	-0.981750	-0.053130	0.463150	1.504260	1.476660	0.005640	-0.937330	-1.520480	-0.530630	0.551420	0.484700	0.013230	-0.265140	-0.630110	-0.761430	-0.881610	-0.913190	-0.352560
0.000000	0.000000	0.000000	0.000000	0.000000	0.000000	0.000000	0.000000	0.000000	0.075920	0.161750	0.444380	0.611330	0.718490	0.831670	0.076130	-0.683900	-1.330540	-1.431710	-0.597130	-0.054410	0.094900	-0.072020	-0.477470	-0.853240	-0.108940	0.449900	1.306770	1.629520	0.496630	-0.006640	-0.587180
0.000000	0.000000	0.000000	0.000000	0.000000	0.000000	0.000000	0.000000	0.000000	-0.794870	-1.404550	-1.311660	-0.527480	0.770240	1.831580	1.379160	0.285970	-1.217770	-1.470300	-0.547180	-0.796480	-0.957020	-1.344560	-0.698210	1.847150	1.982480	1.872700	0.959340	-0.482890	-0.114750	-0.392650	-0.154110
0.000000	0.000000	0.000000	0.000000	0.000000	0.000000	0.000000	0.000000	0.000000	-0.794480	-0.285620	1.219540	2.408490	1.672620	0.085640	-1.364740	-0.488920	1.099390	1.587800	0.829050	-0.099900	-0.771140	-0.784050	-0.301770	-0.727510	0.187370	0.182790	-0.632040	-0.388230	-0.890080	-0.466430	-0.066540
0.000000	0.000000	0.000000	0.000000	0.000000	0.000000	0.000000	0.000000	0.000000	-0.444220	-0.843250	-0.945830	-0.421310	0.581280	1.609950	1.395430	-0.032000	-1.397420	-1.700840	-0.589440	-0.094700	-0.339370	-0.682270	-0.472690	0.570080	0.599530	0.245330	0.391680	0.859690	1.254270	0.972330	0.233500
0.000000	0.000000	0.000000	0.000000	0.000000	0.000000	0.000000	0.000000	0.000000	0.386660	0.128110	-0.415110	-1.140490	-0.840150	-0.127110	0.248650	0.212590	-0.553490	-0.707300	-0.421390	-0.338810	0.156470	-0.030490	-0.303160	-0.113410	-0.288970	0.531410	0.773070	0.121500	-0.247640	-0.714600	-0.419820
0.000000	0.000000	0.000000	0.000000	0.000000	0.000000	0.000000	0.000000	0.000000	-0.356380	0.238340	0.814500	1.314860	0.365250	-0.894680	-1.065770	-0.356150	1.156940	1.332770	0.281060	-0.283010	-0.779550	-0.106460	0.623460	0.378520	0.730510	-0.257760	-1.131300	-1.132630	-1.144570	-0.365390	-0.067590
0.000000	0.000000	0.000000	0.000000	0.000000	0.000000	0.000000	0.000000	0.000000	0.752800	0.291840	-0.768640	-2.259930	-2.301200	-1.587010	-0.367180	0.348610	0.273720	0.333930	0.289980	0.490390	0.786430	0.460920	-0.388730	-0.892700	-1.531380	-0.626100	0.558880	0.557290	0.546160	-0.145620	-0.297130
