3.789180	3.834130	4.040480	4.023740	4.078230	4.044110	4.064020	4.061360	4.048650	3.999280	3.946190	3.973500	3.908350	3.926830	3.949930	4.025930	3.812100	3.853480	3.972870	4.055380	4.195080	3.953590	3.956680	3.855070	3.908580	3.923260	3.813660	3.784120	3.839800	3.893250	3.773280	3.837370	3.919360	3.886270	3.869990	3.766600
-0.028310	0.000730	-0.072010	-0.094190	-0.070820	-0.045730	-0.051960	-0.027070	-0.035730	-0.028910	-0.019250	-0.020720	0.009370	0.004960	-0.029980	-0.074850	0.007660	-0.030470	-0.019760	-0.091180	-0.166620	-0.004300	-0.056760	-0.026930	-0.046780	0.011490	0.024880	0.014100	0.005380	0.001230	-0.018020	0.029060	-0.063190	0.038150	-0.063020	0.044060
-0.248040	-0.299700	-0.321470	-0.290400	-0.265410	-0.281800	-0.284030	-0.286550	-0.275270	-0.297190	-0.285350	-0.269070	-0.318200	-0.281760	-0.293950	-0.264540	-0.251580	-0.275480	-0.244600	-0.261290	-0.275300	-0.254800	-0.219600	-0.320920	-0.287860	-0.229070	-0.311890	-0.252000	-0.274810	-0.294780	-0.166280	-0.298250	-0.166610	-0.267450	-0.203100	-0.293240
-0.197100	-0.082640	-0.100660	-0.080440	-0.122490	-0.137830	-0.076790	-0.083820	-0.104960	-0.097570	-0.127080	-0.175200	-0.067760	-0.107120	-0.077540	-0.128530	-0.236560	-0.138550	-0.210160	-0.193130	-0.126580	-0.228730	-0.302340	-0.173270	-0.112430	-0.233630	-0.104550	-0.218850	-0.163470	-0.112590	-0.339100	-0.154510	-0.283080	-0.174900	-0.195500	-0.178860
-0.096070	-0.225580	-0.053100	-0.139080	-0.149510	-0.118670	-0.230440	-0.223450	-0.194450	-0.197840	-0.142860	-0.148250	-0.260200	-0.252740	-0.206490	-0.117990	-0.046240	-0.185220	-0.092170	-0.059860	-0.140990	-0.080640	0.077900	0.037100	-0.149920	-0.140860	-0.231500	-0.121760	-0.149350	-0.304080	-0.006860	-0.123390	-0.120480	-0.232100	-0.178520	-0.100450
-0.072000	-0.002250	-0.216830	-0.134270	-0.155150	-0.224300	-0.151110	-0.121710	-0.146010	-0.143790	-0.109910	-0.106440	-0.027100	0.015130	-0.081810	-0.147230	-0.158800	-0.069960	-0.168730	-0.119380	-0.046870	-0.150940	-0.256870	-0.324190	-0.117570	-0.008710	-0.016950	-0.062330	-0.046710	0.047380	-0.096920	-0.123910	-0.029350	-0.003420	-0.018520	-0.112840
-0.214790	-0.106640	-0.224300	-0.192790	-0.092970	-0.035770	-0.032760	-0.060790	-0.066620	-0.080100	-0.162280	-0.182310	-0.178900	-0.215990	-0.150080	-0.109350	-0.183760	-0.160270	-0.115010	-0.235580	-0.315690	-0.158980	-0.193880	-0.073720	-0.118720	-0.313730	-0.168610	-0.222930	-0.146970	-0.269170	-0.256580	-0.125270	-0.287460	-0.221760	-0.196440	-0.131000
-0.013600	-0.123770	0.094840	-0.020600	-0.194940	-0.214210	-0.261400	-0.211250	-0.176360	-0.226760	-0.061210	-0.154940	-0.160760	-0.145160	-0.083610	-0.125740	-0.070900	-0.195450	-0.166930	-0.115700	-0.167010	-0.200280	-0.069940	-0.163070	-0.182500	-0.007010	-0.237630	-0.137280	-0.196990	-0.170400	-0.006380	-0.082980	-0.068230	-0.148800	-0.148850	-0.122480
-0.287200	-0.095400	-0.392760	-0.315180	-0.238510	-0.369480	-0.320300	-0.319070	-0.387750	-0.361130	-0.336250	-0.399220	-0.282170	-0.220140	-0.310570	-0.131040	-0.331360	-0.202210	-0.373860	-0.356410	-0.259450	-0.266590	-0.285850	-0.208020	-0.076980	-0.308610	-0.141100	-0.231040	-0.074420	-0.399530	-0.304090	-0.342540	-0.394190	-0.410020	-0.191600	-0.200940
0.095350	0.031930	-0.086610	-0.125850	-0.145100	-0.038340	-0.131740	-0.062530	-0.007280	-0.071420	-0.022320	-0.048260	-0.116020	-0.119450	-0.052860	-0.171680	-0.158050	-0.059860	-0.000240	0.023350	-0.102010	-0.212840	-0.162240	-0.227700	-0.223850	-0.177240	-0.136320	-0.153110	-0.105330	-0.110080	-0.043020	0.054300	-0.072400	-0.028890	-0.077210	-0.051570
-0.315840	-0.251610	-0.126230	-0.060560	-0.118540	-0.167200	-0.084260	-0.147530	-0.180800	-0.172190	-0.137910	-0.199890	-0.144840	-0.200980	-0.142310	-0.068540	-0.025740	-0.309330	-0.266500	-0.248550	-0.260130	-0.079110	-0.179380	-0.089860	-0.084770	-0.048960	-0.234340	-0.155420	-0.218130	-0.122670	-0.196650	-0.186110	-0.142350	-0.199400	-0.218110	-0.169930
0.040150	0.006790	0.006720	-0.082760	-0.018940	-0.040690	-0.063610	-0.034870	-0.028450	-0.001660	-0.098330	0.014730	-0.009770	0.073680	-0.042890	-0.077680	-0.103460	0.150970	0.093610	-0.050430	0.035270	-0.025750	0.104030	-0.016570	-0.017500	-0.054130	0.108250	0.043750	0.054510	-0.037750	0.031120	-0.092360	-0.033640	0.020000	0.060860	-0.033150
-0.116010	-0.198140	-0.056800	-0.021060	-0.094100	-0.011530	-0.029190	-0.055120	-0.008970	-0.014340	-0.022280	0.005420	-0.064630	-0.155840	-0.111350	-0.190060	-0.057870	-0.218660	-0.104070	0.077380	-0.008410	-0.011200	-0.158180	-0.049900	-0.150970	-0.086360	-0.153810	-0.150660	-0.211850	0.079680	-0.136970	-0.022360	0.010980	-0.010760	-0.149440	-0.094200
2.326160	2.526010	2.550570	2.289640	1.705720	0.664850	-0.573750	-0.783380	-1.270350	-1.295550	-1.247590	-0.701860	-0.986690	-0.920280	-0.428010	0.155280	1.324740	0.980900	0.696570	0.091440	0.175250	-0.634030	-1.786000	-2.419370	-2.228690	-0.910120	-0.977070	-0.591870	-0.267440	0.127900	0.553800	0.071400	-0.511640	-0.798780	-0.745460	-1.165360
-0.507270	-0.453910	-0.408060	-0.238990	-0.105800	0.062070	0.414450	0.417200	0.378130	0.334740	0.201190	-0.158770	-0.041270	-0.154380	-0.195820	-0.483760	-1.008900	-0.588370	-0.386010	-0.177380	-0.275560	0.243920	0.622410	0.955980	0.863720	0.281100	0.265130	0.188980	-0.192870	-0.232340	-0.470080	-0.137980	0.121030	0.306490	0.432540	0.419420
-0.476320	-0.426520	-0.351920	-0.251380	-0.067230	0.056450	0.018390	-0.077790	-0.267540	-0.158770	-0.164340	-0.051300	0.081520	0.140180	0.212940	0.225580	0.239490	0.096010	0.212110	-0.200170	-0.306210	-0.088940	-0.344990	-0.170670	-0.163660	-0.293040	0.213590	0.279800	0.444640	0.217080	0.520480	0.023230	-0.193210	-0.482480	-0.853170	-0.582870
0.874500	0.709420	0.729220	0.600590	0.274100	-0.114930	-0.149250	-0.421700	-0.088770	-0.136210	-0.157380	-0.137610	-0.533380	-0.490090	-0.662660	-0.802110	-0.849850	-0.817610	-1.115680	-0.554360	0.091130	-0.304420	0.303430	0.062020	0.136000	0.716620	-0.133560	-0.503050	-0.889330	-0.428890	-0.594360	-0.085980	-0.074840	0.173230	0.691110	0.142690
-0.467670	-0.375070	-0.706970	-0.876530	-0.802700	-0.644040	-0.811280	-0.220380	-0.411990	-0.504820	-0.155190	0.077360	0.519410	0.373330	0.573270	1.071680	1.135620	0.873960	1.104230	1.071920	0.490360	0.335750	-0.781710	-0.948700	-1.034870	-2.056120	-1.423670	-0.538380	0.355860	0.026020	0.038050	-0.053210	0.273160	0.440310	-0.215090	0.411960
-0.820620	-1.209340	-1.152990	-0.899890	-0.694280	-0.405790	0.438700	0.331900	0.844830	1.315170	0.881640	0.409870	0.034980	-0.068930	-0.632900	-0.805140	-0.660480	-0.595010	-0.618190	-1.123400	-0.886840	-0.302370	0.543250	0.660470	0.980540	1.966890	1.761390	0.864230	-0.124220	-0.270680	-0.047410	-0.232820	-0.549240	-0.737040	-0.388190	-0.600660
0.561150	1.034780	1.341430	1.353900	1.189080	0.822140	0.532560	-0.369810	-1.142990	-1.579300	-1.342930	-0.814290	-0.646890	-0.291650	0.270820	-0.024890	-0.667930	-0.533720	-0.744490	-0.167150	0.357440	-0.260670	-0.050910	0.176210	0.212260	-0.729640	-0.884160	-0.590310	-0.413040	0.015770	-0.326120	0.201990	0.420920	0.927710	0.807520	0.612110
-0.720870	-1.333240	-1.933770	-2.085930	-1.900870	-1.754620	-1.283920	-0.157550	0.618080	0.724600	0.931180	0.602690	0.608640	0.150470	-0.426520	-0.030680	-0.254230	-0.627900	-0.362670	-0.237440	-0.321150	0.628100	-0.031750	-0.105470	-0.191510	-0.346470	-0.008260	0.481300	0.577270	0.158940	0.584210	0.103680	0.009750	-0.397530	-0.746400	-0.323040
0.010200	-0.425880	-0.582940	-0.702000	-1.063890	-1.218750	-0.241180	-0.761410	-0.419060	0.521710	0.427520	1.238490	1.065020	1.077060	0.350050	-0.170010	-0.596950	-0.606960	-0.399440	-0.267050	1.184610	0.654100	1.416650	0.900070	0.954420	-0.088850	-0.646010	-1.415780	-1.946330	-1.698820	-1.402740	-0.423460	0.165910	1.508320	1.351690	1.473690
-2.134060	-1.961820	-2.029450	-1.593170	-0.777990	-0.116720	0.590600	0.655700	0.215220	-0.345030	-0.130830	-0.844340	-1.117390	-0.625880	-0.164040	0.566530	0.620230	-0.054400	-0.446980	-0.725670	-1.408190	-1.783970	-1.485910	-0.880480	0.186930	0.737220	1.009670	1.754600	1.448840	1.181060	0.758080	0.542230	0.157680	-0.089500	-0.414180	-0.462060
1.917230	1.805360	1.876610	1.463190	0.748390	-0.066980	-0.567760	-0.803220	-0.416480	-0.459920	-0.429550	0.285660	0.840020	-0.028080	-0.553310	-0.741050	-1.174350	-0.548040	-0.669280	-0.160660	0.684670	1.903500	0.986100	0.523530	-0.211200	-0.652420	-0.621920	-0.933080	-0.614860	-0.446920	-0.060120	-0.238410	-0.086480	-0.233590	0.048400	0.007760
-0.786620	-0.861190	-0.946620	-0.813320	-0.579300	-0.169510	-0.271390	0.183800	0.085480	0.567110	0.381060	-0.056580	-0.439560	0.295910	0.756490	0.062200	0.228240	0.007060	0.738320	0.373870	-0.194570	-1.098610	-0.130190	0.336130	0.175110	-0.031410	-0.194510	-0.259480	-0.496270	-0.506030	-0.573010	-0.319110	-0.246320	-0.042790	-0.212980	-0.043350
0.327530	0.651520	0.800390	0.758710	0.840720	0.794210	0.203660	0.254730	0.142080	-0.657040	-0.803640	-1.253540	-1.143440	-1.443040	-1.101440	0.016090	0.829260	1.294800	0.662990	0.689050	-0.144160	-0.097090	-1.095290	-1.572790	-1.341140	-0.083090	0.206240	0.344920	1.022590	1.047020	0.699550	0.298850	-0.145690	-0.952650	-0.419570	-0.795900
0.531910	-0.040800	-1.304200	-2.100340	-2.097220	-1.316090	-0.977670	-1.015460	-0.783330	-0.245330	0.531250	1.035110	0.673860	-0.339040	-0.686980	0.032010	2.545430	2.427080	0.106300	-2.900700	-4.421500	-1.681000	0.281620	1.176780	0.580250	0.009600	0.614120	0.777470	0.752560	0.325680	0.438800	-0.404010	-1.461240	-1.698550	-1.403220	-0.302440
-0.441590	-0.269670	0.296230	0.844350	0.701140	0.202250	-0.234430	-0.354370	-0.082830	0.046590	-0.132760	-0.529050	-0.688600	-0.428010	0.154300	0.241890	-0.760200	-0.677950	-0.219590	0.937780	1.504300	0.395110	0.099630	-0.265840	-0.189330	-0.339230	-0.875830	-0.581360	-0.467290	0.045430	-0.023550	-0.005540	0.579740	0.400570	0.407130	-0.005270
0.305230	0.672540	0.732710	0.322110	-0.182090	-0.416990	-0.285880	0.001460	-0.100950	-0.085690	-0.141380	-0.036510	0.370460	0.212940	0.175650	-0.183660	-0.490160	-0.290800	-0.146580	-0.145550	-0.271480	-0.283960	-0.332990	0.271960	0.238160	-0.140470	0.392920	-0.031540	0.448670	0.180600	-0.625560	-0.422080	-1.146100	-0.709620	-0.394280	-0.174430
-0.370730	-1.116330	-1.177210	-0.823930	-0.034780	0.386560	-0.277270	-0.772330	-0.523080	0.005580	0.726840	0.665980	-0.749520	-1.131680	-1.271600	-0.370240	1.086620	0.609660	0.035410	-0.533110	-0.283850	0.776150	1.345260	0.275770	-0.686750	-0.497690	-1.211000	-0.284130	-0.699020	-0.503090	1.156370	0.638270	0.997410	0.011070	-0.627560	-0.337290
-0.034310	0.263960	-0.502160	-0.808440	-0.796950	-0.421210	1.116160	1.217540	0.468610	-0.573500	-1.375400	-0.406600	1.549240	1.757970	0.886040	-0.570360	-1.559840	-0.576690	0.324700	0.987250	0.499240	-1.318010	-3.074720	-2.602260	-0.291570	0.943730	2.201280	1.242550	0.738570	0.439400	-1.628160	-1.074470	-0.257150	1.164550	1.859050	0.795430
-0.287530	-0.484680	0.328290	0.855500	1.168730	1.095350	0.093560	-0.066880	0.127760	0.602620	0.487690	-0.584510	-2.020100	-1.980560	-0.740880	0.612070	1.412140	0.603960	-0.389650	-1.794330	-1.638960	0.739650	2.968450	3.516610	0.924770	-1.471160	-2.314250	-1.814990	-0.786450	-0.400630	0.713030	0.745250	-0.293910	-1.193200	-1.608310	-0.810290
0.000850	0.355040	1.059300	0.880750	-0.289830	-1.384950	-2.164910	-1.713060	-1.006320	-0.461460	0.507110	1.263080	1.229270	0.757290	-0.121230	-0.875840	-1.214870	-0.991360	-0.296360	1.435200	2.199060	0.406590	-0.977830	-2.337650	-1.085090	0.832650	0.312390	0.530320	-0.449020	-0.089750	0.388920	0.067270	1.015810	0.664600	0.532430	0.096790
-0.825990	-1.602260	-2.672060	-1.812350	0.540780	1.926100	3.008380	1.614590	0.212420	-0.355680	-1.085130	-0.403740	0.182890	-0.150140	-0.707390	-0.939800	-0.692610	0.198880	0.676490	0.297180	0.168170	0.382930	-0.387070	-0.278530	-0.689700	-1.181450	0.853480	1.112840	1.512460	0.369300	-1.959390	-1.694630	-1.076500	0.382600	1.016860	0.557150
-0.429620	-0.933520	-0.093780	0.275630	-0.028270	0.266360	-0.371590	0.054400	0.703000	0.939430	0.972400	1.209590	-0.274120	-0.963000	-1.430520	-2.272120	-0.591760	0.047220	1.324720	1.722120	1.071210	0.354800	-0.380590	-1.076880	-0.997870	-0.667470	-1.453040	-1.343420	-1.749270	-0.161210	1.564210	2.535660	2.871860	1.396610	0.344390	-0.421980
-0.700970	0.164010	1.193270	2.083410	2.038010	0.687600	0.262440	-0.375720	-1.017560	-0.981640	-0.968970	-0.413570	0.040840	0.322200	0.815050	1.735180	1.115800	-0.946490	-2.591400	-3.057220	-1.143560	1.055050	1.815680	1.877690	1.185230	0.389000	0.102020	0.368140	0.168790	-0.145300	-1.187950	-1.850650	-0.853440	-0.216110	0.379360	0.273780
0.459850	-0.472960	-1.537280	-2.369340	-1.778490	-0.729460	-0.266580	0.047350	0.261600	0.178930	0.160180	0.518690	0.901240	0.227980	-1.405190	-2.673060	-2.139190	1.133750	2.652000	2.668240	1.346010	-0.708770	-1.149880	-1.847890	-1.943140	-0.957640	0.422530	0.881630	0.932620	-0.037190	-0.469220	-0.232630	-0.253190	0.361730	0.395850	0.352560
-0.475400	-0.229660	0.080570	0.688620	0.479560	0.471850	0.105600	-0.147800	-0.031210	0.260770	0.540730	-0.459850	-1.323540	-0.880340	0.894430	1.698280	0.905950	-1.518510	-1.656970	-0.342010	0.122080	0.243780	-0.545340	0.205910	1.020150	0.504450	-0.762010	-1.643130	-1.301670	0.067060	1.080390	1.338610	0.438370	-0.807550	-1.238970	-1.055990
0.500760	0.702570	0.062450	-0.742060	-0.608840	-0.662000	-0.083800	0.068620	-0.424530	-0.907300	-1.302420	-1.420090	-0.051910	0.743780	0.934980	1.778190	1.310960	1.493290	-0.424880	-2.459170	-2.433810	-1.515700	0.518110	0.614800	0.132980	0.594730	0.980640	1.440470	1.035540	-0.615610	-1.000350	-1.709410	-1.627420	-0.519260	-0.085480	0.485820
