0.000000	0.000000	0.000000	0.000000	0.000000	0.000000	0.000000	0.000000	0.000000	3.566760	3.595720	3.581490	3.682840	3.632480	3.668600	3.684270	3.841060	3.902390	3.867490	3.928880	4.011080	4.017230	4.017020	3.920250	3.856650	3.834350	3.804560	3.804360	3.825700	3.799250	3.767440	3.634490
0.000000	0.000000	0.000000	0.000000	0.000000	0.000000	0.000000	0.000000	0.000000	0.004230	-0.014290	0.020650	-0.004090	0.032920	-0.008540	0.046570	-0.097390	-0.024090	0.038700	0.057280	0.028050	0.033750	-0.007760	0.000320	0.021350	0.008070	-0.011340	-0.009390	-0.050140	-0.000070	0.002040	-0.024790
0.000000	0.000000	0.000000	0.000000	0.000000	0.000000	0.000000	0.000000	0.000000	-0.279280	-0.245820	-0.230410	-0.183670	-0.231510	-0.221120	-0.295010	-0.162620	-0.206920	-0.231240	-0.225190	-0.202480	-0.218950	-0.151310	-0.140940	-0.191230	-0.186440	-0.183800	-0.194600	-0.199280	-0.218330	-0.254690	-0.244340
0.000000	0.000000	0.000000	0.000000	0.000000	0.000000	0.000000	0.000000	0.000000	-0.105370	-0.128110	-0.166160	-0.213360	-0.203780	-0.197930	-0.123590	-0.225610	-0.239520	-0.197870	-0.159760	-0.147150	-0.132460	-0.206950	-0.251090	-0.191970	-0.198870	-0.212720	-0.204330	-0.165960	-0.164550	-0.097500	-0.129680
0.000000	0.000000	0.000000	0.000000	0.000000	0.000000	0.000000	0.000000	0.000000	-0.149520	-0.162520	-0.204630	-0.192620	-0.150980	-0.200800	-0.192180	-0.099860	-0.040250	-0.145810	-0.251060	-0.296490	-0.287190	-0.229580	-0.187070	-0.242380	-0.249300	-0.213590	-0.200700	-0.198340	-0.199460	-0.240720	-0.191430
0.000000	0.000000	0.000000	0.000000	0.000000	0.000000	0.000000	0.000000	0.000000	-0.062460	-0.035070	0.031030	0.024570	-0.027010	0.007710	-0.093250	-0.129310	-0.091930	-0.055210	0.078750	0.092660	0.080300	0.033650	0.002430	0.035000	0.044140	0.008330	-0.019720	-0.022570	-0.042360	-0.045420	-0.061410
0.000000	0.000000	0.000000	0.000000	0.000000	0.000000	0.000000	0.000000	0.000000	-0.021970	-0.039160	-0.194200	-0.211410	-0.215290	-0.248190	-0.099670	-0.150950	-0.218980	-0.136770	-0.241160	-0.196470	-0.194390	-0.148180	-0.129120	-0.155850	-0.174150	-0.180860	-0.173370	-0.179840	-0.155840	-0.081390	-0.118150
0.000000	0.000000	0.000000	0.000000	0.000000	0.000000	0.000000	0.000000	0.000000	-0.140890	-0.161790	-0.157530	-0.152780	-0.101480	-0.167010	-0.204820	-0.121230	-0.091260	-0.218990	-0.017630	-0.092880	-0.074270	-0.115660	-0.175810	-0.189810	-0.208640	-0.187240	-0.161660	-0.110630	-0.059090	-0.179150	-0.180150
0.000000	0.000000	0.000000	0.000000	0.000000	0.000000	0.000000	0.000000	0.000000	-0.034660	-0.020310	-0.126170	-0.238180	-0.358540	-0.363250	-0.407060	-0.411880	-0.151230	-0.194360	-0.387020	-0.373380	-0.346190	-0.352350	-0.365860	-0.362390	-0.364410	-0.394000	-0.388730	-0.442500	-0.539320	-0.330840	-0.330390
0.000000	0.000000	0.000000	0.000000	0.000000	0.000000	0.000000	0.000000	0.000000	0.045540	0.052290	-0.086800	-0.074160	-0.017620	-0.059980	-0.029780	-0.032540	-0.132260	-0.127530	0.006990	0.050170	0.035150	0.062520	0.087060	0.042590	0.013340	0.006450	-0.010760	0.074060	0.162690	0.065070	0.024290
0.000000	0.000000	0.000000	0.000000	0.000000	0.000000	0.000000	0.000000	0.000000	-0.223320	-0.261250	-0.217190	-0.191200	-0.178990	-0.218360	-0.105050	-0.136730	-0.198060	-0.160970	-0.044920	-0.132280	-0.128030	-0.157580	-0.230390	-0.208650	-0.202740	-0.185300	-0.163850	-0.177920	-0.194650	-0.208890	-0.178210
0.000000	0.000000	0.000000	0.000000	0.000000	0.000000	0.000000	0.000000	0.000000	-0.034920	0.004130	0.056220	0.034790	-0.020890	0.043450	-0.123650	-0.074820	0.054570	0.011350	-0.220430	-0.152180	-0.135560	-0.114310	-0.051500	-0.054320	-0.044020	-0.059480	-0.062380	-0.131670	-0.143250	-0.067570	-0.101120
0.000000	0.000000	0.000000	0.000000	0.000000	0.000000	0.000000	0.000000	0.000000	-0.200770	-0.169290	-0.170680	-0.087020	0.016660	0.035950	0.118070	0.065360	-0.098550	-0.058720	0.071070	0.040090	-0.007110	-0.009320	0.018340	0.042780	0.050630	0.054990	0.011130	0.120260	0.108070	0.018000	0.075460
0.000000	0.000000	0.000000	0.000000	0.000000	0.000000	0.000000	0.000000	0.000000	0.590710	0.772580	0.915300	1.567660	2.191050	2.339210	2.577020	2.739290	3.003330	2.680340	1.766330	0.424620	-0.394730	-1.019880	-1.722540	-1.969710	-1.808500	-1.531990	-1.538490	-1.646330	-1.786400	-1.815820	-1.794320
0.000000	0.000000	0.000000	0.000000	0.000000	0.000000	0.000000	0.000000	0.000000	0.025330	-0.044050	0.119830	-0.334510	-0.394000	-0.173980	-0.006740	0.146760	0.191910	0.218220	0.110180	0.353040	-0.151880	-0.473410	-0.485950	-0.520460	-0.393400	-0.201220	-0.292280	-0.325890	-0.229200	-0.152780	-0.140560
0.000000	0.000000	0.000000	0.000000	0.000000	0.000000	0.000000	0.000000	0.000000	0.530270	0.537220	0.190430	0.388930	0.293610	0.028650	-0.092870	-0.067150	0.098440	0.330700	0.576190	0.170860	0.342860	0.327750	0.124700	-0.103400	-0.320110	-0.748750	-0.762020	-0.630430	-0.646880	-0.586250	-0.454540
0.000000	0.000000	0.000000	0.000000	0.000000	0.000000	0.000000	0.000000	0.000000	-0.940710	-1.021020	-0.711410	-0.791640	-0.807310	-0.522190	-0.105870	0.202300	0.314250	0.095190	-0.267960	0.030190	-0.140940	-0.463810	-0.571600	-0.328920	-0.011350	0.665230	0.805710	0.648230	0.664930	0.584820	0.366260
0.000000	0.000000	0.000000	0.000000	0.000000	0.000000	0.000000	0.000000	0.000000	-0.337130	-0.429590	-0.436270	-0.031030	0.563000	0.625530	0.198360	-0.532550	-1.074350	-1.082960	-1.092020	-1.292960	-1.009800	-0.136270	0.434320	0.543020	0.367360	-0.023830	0.023690	0.245650	0.195390	0.059560	0.044450
0.000000	0.000000	0.000000	0.000000	0.000000	0.000000	0.000000	0.000000	0.000000	0.538530	0.575850	0.139140	-0.411020	-0.744830	-0.902290	-0.394140	0.386360	1.023480	1.160360	1.285300	1.040970	0.524600	-0.121560	-0.796640	-0.848770	-0.809170	-0.708550	-0.779420	-0.911320	-0.816510	-0.579610	-0.416180
0.000000	0.000000	0.000000	0.000000	0.000000	0.000000	0.000000	0.000000	0.000000	-1.782070	-2.114770	-1.627160	-1.266960	-1.049900	-0.307000	0.047180	0.006950	-0.108770	-0.076070	-0.198770	0.195160	0.315690	0.092410	0.272020	-0.059590	-0.133050	0.061050	0.226150	0.456500	0.542250	0.498800	0.365790
0.000000	0.000000	0.000000	0.000000	0.000000	0.000000	0.000000	0.000000	0.000000	-0.010990	-0.105450	-0.325030	-0.146300	0.132620	-0.148980	0.348440	0.422040	0.529140	0.648660	0.214100	-0.456720	-0.799900	-0.820210	-1.280900	-0.587970	0.027870	0.222770	0.311580	0.164100	-0.049020	-0.365970	-0.604380
0.000000	0.000000	0.000000	0.000000	0.000000	0.000000	0.000000	0.000000	0.000000	-2.153490	-2.863290	-3.419750	-3.623070	-2.406600	-1.246080	-0.624730	-0.111400	0.197860	-0.011330	-0.304290	-0.799860	-1.372240	-0.807180	-0.193960	-0.564710	-1.199110	-0.697650	-0.240550	0.127030	0.476470	0.783810	0.909210
0.000000	0.000000	0.000000	0.000000	0.000000	0.000000	0.000000	0.000000	0.000000	-0.948540	-1.062200	-0.949500	-0.772520	-0.916330	-0.863420	-0.065540	0.254860	0.441380	0.910800	1.186400	1.288100	1.186610	0.513030	-0.344490	-0.306840	0.234180	0.197120	0.103890	0.171590	0.079710	-0.140110	-0.405360
0.000000	0.000000	0.000000	0.000000	0.000000	0.000000	0.000000	0.000000	0.000000	0.169190	0.144370	0.567860	0.746350	0.592920	0.562620	0.744500	0.580920	0.479370	0.257470	-0.473920	-0.539770	-0.636780	-0.904680	-0.914070	-0.396560	-0.249830	-0.076380	0.152820	0.038630	-0.019060	-0.077630	-0.073540
0.000000	0.000000	0.000000	0.000000	0.000000	0.000000	0.000000	0.000000	0.000000	0.407880	0.507420	-0.139850	-0.503060	-0.308750	-0.376830	-1.223060	-1.311280	-1.231730	-1.175260	-0.452430	-0.481470	-0.294470	0.446900	1.074610	0.339950	-0.188560	-0.340150	-0.587650	-0.534320	-0.445450	-0.258290	-0.091320
0.000000	0.000000	0.000000	0.000000	0.000000	0.000000	0.000000	0.000000	0.000000	1.223880	1.778050	2.423940	2.540180	1.734590	0.986100	0.772180	0.186990	-0.379510	-0.516360	-0.420030	0.202210	0.667620	0.345610	-0.106210	0.457610	0.768540	0.415200	0.255500	0.149390	0.108340	0.073860	0.036370
0.000000	0.000000	0.000000	0.000000	0.000000	0.000000	0.000000	0.000000	0.000000	0.429990	0.358050	0.136930	0.136670	1.080180	1.280490	0.817570	-0.278730	-1.006130	-0.678090	-1.111840	-2.008120	-2.670800	-2.390040	-0.728860	0.791360	1.294270	1.018990	-0.294450	-1.338260	-1.373390	-0.909460	-0.122990
0.000000	0.000000	0.000000	0.000000	0.000000	0.000000	0.000000	0.000000	0.000000	0.013200	-0.006620	0.011350	-0.444410	-0.816410	-0.328880	0.338300	1.292140	0.845580	-0.411800	-1.142060	-1.091840	-0.263770	0.282830	0.163890	-0.335920	-0.305540	-0.010750	0.264860	0.370660	-0.131180	-0.401130	-0.376340
0.000000	0.000000	0.000000	0.000000	0.000000	0.000000	0.000000	0.000000	0.000000	0.083140	-0.217960	-0.866140	-0.926030	-0.248500	0.234620	0.485870	-0.268520	-0.450530	0.051380	0.482550	0.533160	-0.103550	-0.826480	-0.928880	-0.453310	-0.201300	-0.168210	-0.329980	-0.338110	0.045850	0.282180	0.222160
0.000000	0.000000	0.000000	0.000000	0.000000	0.000000	0.000000	0.000000	0.000000	-0.486680	-0.282340	0.510530	0.968770	0.519980	-0.155610	-0.540580	0.337770	1.001740	0.480550	-0.702050	-1.475970	-1.061540	0.108950	0.800670	0.621540	0.393660	0.422960	0.434840	0.145310	-0.397240	-0.724250	-0.509010
0.000000	0.000000	0.000000	0.000000	0.000000	0.000000	0.000000	0.000000	0.000000	0.083550	0.212050	0.319510	0.542220	0.799310	0.796570	-0.322000	-2.061610	-2.878650	-1.490790	1.038790	2.385460	1.748290	0.136160	-0.704070	-0.283540	0.192060	-0.010920	-0.319160	-0.447110	-0.102970	0.247210	0.143110
0.000000	0.000000	0.000000	0.000000	0.000000	0.000000	0.000000	0.000000	0.000000	-0.193250	-0.536320	-1.278450	-1.757920	-1.275160	-0.384350	1.537790	2.583580	2.178970	0.603220	-1.773610	-2.398480	-1.577980	-0.314610	0.386770	-0.050470	-0.514760	-0.454150	-0.100390	0.183520	0.254340	0.125520	0.068160
0.000000	0.000000	0.000000	0.000000	0.000000	0.000000	0.000000	0.000000	0.000000	-0.662720	-0.431000	1.061060	2.207760	1.894480	0.944200	-1.053920	-1.136960	-0.496270	0.020370	1.140720	0.723540	0.130420	-0.587010	-1.107390	-0.612500	-0.005910	0.726130	0.829710	0.509030	-0.132240	-0.604780	-0.541780
0.000000	0.000000	0.000000	0.000000	0.000000	0.000000	0.000000	0.000000	0.000000	0.218980	0.262810	-0.102000	-0.275000	-0.207790	0.024260	0.741960	0.472770	0.229730	0.085560	-1.290650	-1.429540	-1.530230	-0.734550	0.780710	1.296520	1.739780	0.855540	-0.438070	-1.490810	-1.695250	-0.940130	-0.337050
0.000000	0.000000	0.000000	0.000000	0.000000	0.000000	0.000000	0.000000	0.000000	-1.802580	-2.274930	-1.534890	0.305230	2.906830	3.997820	2.799670	0.287060	-2.701030	-2.642790	-0.583570	0.875730	1.243530	0.197940	-0.444340	-0.483260	-0.885060	-0.284570	0.692860	1.783210	2.011900	0.996370	0.286340
0.000000	0.000000	0.000000	0.000000	0.000000	0.000000	0.000000	0.000000	0.000000	-0.182260	0.131530	0.909990	1.187970	0.249610	-0.573230	-0.686760	0.568890	1.892340	1.746990	0.412700	-0.954730	-1.602480	-1.503100	-1.109990	-0.242910	1.005550	1.472460	0.759010	-0.937370	-1.975080	-1.673990	-0.915810
0.000000	0.000000	0.000000	0.000000	0.000000	0.000000	0.000000	0.000000	0.000000	0.386010	0.404900	0.420430	0.184710	-0.250260	-0.436790	-0.442060	-0.067910	0.312050	-0.202240	-1.301690	-1.478090	-0.996070	0.214050	1.253900	0.989120	0.497540	-0.311950	-0.689330	-0.331070	0.094990	0.327490	0.215420
0.000000	0.000000	0.000000	0.000000	0.000000	0.000000	0.000000	0.000000	0.000000	-0.394800	-0.681100	-1.452780	-1.593800	-0.454390	0.530090	0.844770	-0.434260	-1.775540	-1.076240	1.150730	2.259840	1.941280	0.355770	-1.046730	-1.254450	-1.396440	-0.750900	0.024340	0.731140	0.764320	0.280900	-0.003080
0.000000	0.000000	0.000000	0.000000	0.000000	0.000000	0.000000	0.000000	0.000000	0.938100	1.359060	1.479140	0.401810	-1.706720	-2.987920	-2.728070	-0.670040	1.411750	1.274160	-0.050870	-0.691840	-0.296710	0.524400	0.356680	-0.079320	-0.099150	-0.172390	-0.114090	-0.707880	-0.599720	-0.174310	-0.032590
