0.000000	0.000000	0.000000	0.000000	0.000000	0.000000	0.000000	0.000000	0.000000	0.000000	3.404120	3.411660	3.276550	3.293950	3.507890	3.922310	3.895280	3.755180	3.773240	3.765040	3.744230	3.726490	3.718450	3.714080	3.686370	3.719400	3.717090	3.675340	3.675550	3.554700	3.515290	3.316280
0.000000	0.000000	0.000000	0.000000	0.000000	0.000000	0.000000	0.000000	0.000000	0.000000	-0.066580	-0.084910	-0.009750	-0.040200	0.036590	-0.101910	-0.103900	-0.033630	-0.047360	-0.049520	-0.045720	-0.049100	-0.027070	-0.035990	-0.029950	-0.063970	-0.068570	-0.058260	-0.096080	-0.011260	0.005760	-0.050630
0.000000	0.000000	0.000000	0.000000	0.000000	0.000000	0.000000	0.000000	0.000000	0.000000	-0.208640	-0.174610	-0.249640	-0.239790	-0.230320	-0.130430	-0.135110	-0.219740	-0.189750	-0.190800	-0.193040	-0.184850	-0.179310	-0.198020	-0.264500	-0.238440	-0.281690	-0.297250	-0.213710	-0.224380	-0.216500	-0.151630
0.000000	0.000000	0.000000	0.000000	0.000000	0.000000	0.000000	0.000000	0.000000	0.000000	-0.105530	-0.128580	-0.062490	-0.111100	-0.213330	-0.160510	-0.146110	-0.080030	-0.107770	-0.118100	-0.115650	-0.127310	-0.139240	-0.127130	-0.096630	-0.145840	-0.095580	-0.086390	-0.141780	-0.191520	-0.177720	-0.247000
0.000000	0.000000	0.000000	0.000000	0.000000	0.000000	0.000000	0.000000	0.000000	0.000000	-0.385580	-0.357820	-0.387920	-0.295010	-0.184900	-0.284790	-0.316000	-0.365260	-0.364040	-0.365600	-0.371970	-0.355620	-0.325140	-0.345730	-0.340330	-0.254180	-0.270300	-0.246810	-0.242690	-0.193400	-0.290750	-0.214390
0.000000	0.000000	0.000000	0.000000	0.000000	0.000000	0.000000	0.000000	0.000000	0.000000	-0.005870	-0.013650	-0.010590	-0.026680	0.039210	-0.009400	-0.009450	-0.006530	0.004980	0.010430	0.017040	0.015720	0.042510	0.040890	0.030510	-0.039730	-0.038210	-0.106070	-0.029500	-0.059610	0.026690	-0.001980
0.000000	0.000000	0.000000	0.000000	0.000000	0.000000	0.000000	0.000000	0.000000	0.000000	-0.082950	-0.077510	-0.032460	-0.118740	-0.289420	-0.089880	-0.079660	-0.043380	-0.046660	-0.058410	-0.058920	-0.065850	-0.086380	-0.100480	-0.187440	-0.152790	-0.190780	-0.101290	-0.220150	-0.179660	-0.175650	-0.198930
0.000000	0.000000	0.000000	0.000000	0.000000	0.000000	0.000000	0.000000	0.000000	0.000000	-0.292700	-0.270490	-0.325630	-0.246460	-0.057880	-0.175600	-0.215950	-0.300520	-0.305660	-0.323410	-0.329170	-0.320430	-0.290010	-0.312970	-0.262620	-0.295580	-0.255270	-0.318140	-0.115410	-0.173230	-0.231760	-0.180780
0.000000	0.000000	0.000000	0.000000	0.000000	0.000000	0.000000	0.000000	0.000000	0.000000	-0.494800	-0.504730	-0.408760	-0.409690	-0.339890	-0.428970	-0.470450	-0.402380	-0.410520	-0.405770	-0.406050	-0.403520	-0.352940	-0.364110	-0.403990	-0.363590	-0.363280	-0.331250	-0.525830	-0.422060	-0.457530	-0.476040
0.000000	0.000000	0.000000	0.000000	0.000000	0.000000	0.000000	0.000000	0.000000	0.000000	0.011600	0.029020	0.001420	0.025820	-0.027570	0.079350	0.053430	0.005210	0.025600	0.016260	0.018800	0.027840	0.055770	0.030000	0.004690	-0.024130	-0.057700	-0.101480	0.021960	-0.071040	0.000780	-0.007160
0.000000	0.000000	0.000000	0.000000	0.000000	0.000000	0.000000	0.000000	0.000000	0.000000	-0.160850	-0.156740	-0.166240	-0.234660	-0.150650	-0.157070	-0.150590	-0.161720	-0.186310	-0.199860	-0.202950	-0.218850	-0.254720	-0.254140	-0.298540	-0.290390	-0.265450	-0.187760	-0.156980	-0.139160	-0.189100	-0.149210
0.000000	0.000000	0.000000	0.000000	0.000000	0.000000	0.000000	0.000000	0.000000	0.000000	-0.093800	-0.095340	-0.071830	-0.012190	-0.094800	-0.142160	-0.117500	-0.080900	-0.068150	-0.055310	-0.054380	-0.034530	-0.006270	-0.000600	0.059360	0.058560	0.044230	-0.029100	-0.129610	-0.036910	-0.048500	-0.084770
0.000000	0.000000	0.000000	0.000000	0.000000	0.000000	0.000000	0.000000	0.000000	0.000000	0.062510	0.064330	0.024340	0.053660	0.029690	0.055700	0.057570	0.022810	0.019950	0.031550	0.037400	0.034820	0.039620	0.056450	0.059930	0.073570	0.060810	0.094740	0.161660	-0.002750	0.076350	0.110930
0.000000	0.000000	0.000000	0.000000	0.000000	0.000000	0.000000	0.000000	0.000000	0.000000	-0.241020	1.958150	3.531000	4.052330	4.294820	4.135380	3.569510	1.924570	-0.115460	-1.527810	-1.185080	-0.609440	-0.567650	-0.564500	-0.503590	-0.940670	-1.434490	-2.553360	-3.291940	-3.771290	-3.715350	-3.267880
0.000000	0.000000	0.000000	0.000000	0.000000	0.000000	0.000000	0.000000	0.000000	0.000000	0.509180	0.199790	-0.082220	-0.045800	-0.097300	-0.176630	-0.349460	-0.199210	-0.073780	0.386860	0.251680	-0.101470	-0.161560	-0.214190	-0.417930	-0.216830	0.001000	0.048480	0.074970	0.146270	0.068140	-0.046290
0.000000	0.000000	0.000000	0.000000	0.000000	0.000000	0.000000	0.000000	0.000000	0.000000	-0.306150	0.066470	0.342200	0.205850	0.200590	0.172240	0.287200	0.078190	-0.124190	-0.414500	-0.503590	-0.377780	-0.744790	-0.962140	-0.743040	-0.554950	-0.263080	0.347610	0.837100	0.947830	1.075950	0.901040
0.000000	0.000000	0.000000	0.000000	0.000000	0.000000	0.000000	0.000000	0.000000	0.000000	-0.462840	-0.589380	-0.603360	-0.312420	-0.157960	-0.042580	-0.020100	0.273290	0.340740	-0.026330	-0.093520	-0.349460	-0.074210	0.114610	0.008840	-0.259950	-0.455980	-0.938350	-1.252400	-1.294070	-1.431420	-1.216310
0.000000	0.000000	0.000000	0.000000	0.000000	0.000000	0.000000	0.000000	0.000000	0.000000	1.019450	1.105950	0.966810	0.561030	0.139840	-0.309120	-0.664750	-1.091310	-0.963730	-0.337840	-0.028950	0.524000	0.704350	0.889810	0.966710	1.086050	0.719160	0.745250	0.557620	0.265670	0.278500	0.170950
0.000000	0.000000	0.000000	0.000000	0.000000	0.000000	0.000000	0.000000	0.000000	0.000000	0.022660	-0.003210	-0.025770	-0.033070	0.006360	0.056720	0.078330	0.079220	0.080510	0.335630	0.304470	-0.047840	-0.349220	-0.832730	-0.871690	-0.958080	-0.629200	-0.292080	0.081460	0.445990	0.491790	0.507420
0.000000	0.000000	0.000000	0.000000	0.000000	0.000000	0.000000	0.000000	0.000000	0.000000	-0.904890	-0.746260	-0.539840	-0.191560	0.103990	0.316270	0.529160	0.920980	0.832680	-0.197770	-0.767300	-1.049580	-1.229280	-0.920050	-1.090390	-0.939550	-0.686590	-0.519560	-0.310490	-0.437780	-0.380310	-0.466680
0.000000	0.000000	0.000000	0.000000	0.000000	0.000000	0.000000	0.000000	0.000000	0.000000	0.956300	1.154340	1.073920	0.578470	0.070270	-0.495940	-0.943470	-1.573060	-1.690350	-0.912990	-0.267760	0.130890	0.347580	0.241840	0.870740	1.031570	0.846040	0.927850	0.785640	0.763010	0.493710	0.311180
0.000000	0.000000	0.000000	0.000000	0.000000	0.000000	0.000000	0.000000	0.000000	0.000000	0.959140	0.906320	0.621760	0.585110	0.423480	0.196570	-0.170110	-0.145480	0.071540	0.536160	0.420070	0.233190	0.281030	0.377180	-0.360500	-0.564420	-0.881560	-0.965860	-0.982910	-1.087410	-0.917880	-0.634320
0.000000	0.000000	0.000000	0.000000	0.000000	0.000000	0.000000	0.000000	0.000000	0.000000	-0.194970	0.093750	0.211030	0.093580	0.064090	-0.016760	-0.004980	-0.084820	0.042600	-0.229940	-0.126680	-0.193690	-0.558490	-0.933550	-0.734430	-0.900370	-0.643890	-0.252560	0.072880	0.308930	0.412680	0.331640
0.000000	0.000000	0.000000	0.000000	0.000000	0.000000	0.000000	0.000000	0.000000	0.000000	-0.265330	-0.185310	-0.083170	-0.035810	-0.085920	-0.164770	-0.196420	-0.293000	-0.822530	-0.909630	-1.102890	-1.089730	-0.892660	-0.404050	0.141420	0.699820	0.915150	1.080950	1.144140	0.880430	0.508130	0.119320
0.000000	0.000000	0.000000	0.000000	0.000000	0.000000	0.000000	0.000000	0.000000	0.000000	0.205210	-0.089250	-0.236740	-0.214110	-0.153410	-0.067000	-0.023070	0.176870	0.750760	0.928380	1.014890	1.019940	0.974630	0.574530	-0.202440	-0.529650	-0.821490	-1.103110	-1.277870	-1.068610	-0.719230	-0.298150
0.000000	0.000000	0.000000	0.000000	0.000000	0.000000	0.000000	0.000000	0.000000	0.000000	-0.310340	-0.259560	-0.194500	-0.263530	-0.304300	-0.256110	-0.144470	-0.216140	-0.132540	-0.087410	0.074940	0.296940	0.278150	0.342760	0.658260	0.215240	0.115930	0.137350	0.171610	0.168830	0.183220	0.096480
0.000000	0.000000	0.000000	0.000000	0.000000	0.000000	0.000000	0.000000	0.000000	0.000000	0.496530	3.259880	5.749340	5.013460	0.526630	-4.958720	-6.140540	-3.526280	-0.751160	0.683880	0.208850	0.022180	0.304820	0.214610	0.046390	-0.795680	-1.455880	-2.199790	-2.367940	-1.120490	-0.178690	0.608150
0.000000	0.000000	0.000000	0.000000	0.000000	0.000000	0.000000	0.000000	0.000000	0.000000	0.247660	-0.088320	-0.866020	-1.052970	-0.919080	0.370370	0.911660	0.318160	0.012580	-0.368770	-0.114690	-0.080990	-0.460270	-0.491380	-0.470940	0.127480	0.696380	0.644780	0.317300	-0.648310	-0.991940	-0.769210
0.000000	0.000000	0.000000	0.000000	0.000000	0.000000	0.000000	0.000000	0.000000	0.000000	-0.254460	0.172740	0.905780	0.846180	0.150320	-0.990720	-1.239400	-0.294420	0.233780	0.385000	-0.283510	-0.778580	-0.813610	-0.596990	0.296350	0.786860	1.130580	1.090650	0.422560	0.144120	-0.141870	-0.220720
0.000000	0.000000	0.000000	0.000000	0.000000	0.000000	0.000000	0.000000	0.000000	0.000000	-0.631420	-0.894610	-0.884020	0.098280	1.245390	1.105910	0.394790	-0.810360	-1.031110	-0.502620	0.013570	0.248400	0.250740	0.200710	-0.139270	-0.463780	-0.974210	-1.195930	-0.767660	-0.159810	0.277290	0.361500
0.000000	0.000000	0.000000	0.000000	0.000000	0.000000	0.000000	0.000000	0.000000	0.000000	0.959840	1.015040	0.354230	-1.288870	-2.504500	-1.788310	-0.548780	0.814370	1.196090	0.714530	0.368090	0.259980	0.249930	0.412600	0.261110	-0.153580	-0.574110	-0.770300	-0.544470	-0.284530	-0.016710	-0.044080
0.000000	0.000000	0.000000	0.000000	0.000000	0.000000	0.000000	0.000000	0.000000	0.000000	0.081610	0.167450	0.100240	-0.059630	-0.430160	-0.171590	0.085250	0.187390	0.216270	-0.003090	-0.083930	-0.465190	-0.932150	-1.270310	-0.794730	0.161370	1.090290	1.538670	0.815460	0.093630	-0.435190	-0.459670
0.000000	0.000000	0.000000	0.000000	0.000000	0.000000	0.000000	0.000000	0.000000	0.000000	-1.326720	-1.414810	-0.682500	1.073830	2.536560	1.274780	-0.158600	-1.419000	-1.468930	-0.606380	-0.768640	-0.718250	-0.589840	0.165780	0.747410	0.552760	0.269830	-0.403790	-0.071400	0.035930	-0.016440	0.014910
0.000000	0.000000	0.000000	0.000000	0.000000	0.000000	0.000000	0.000000	0.000000	0.000000	1.099830	1.461690	0.987760	-0.932880	-3.030040	-2.674420	-1.276260	0.698850	1.553500	1.096280	0.825110	0.309070	0.044220	-0.257730	0.104490	0.721900	0.519600	0.164740	-1.124480	-1.105570	-0.512560	-0.148820
0.000000	0.000000	0.000000	0.000000	0.000000	0.000000	0.000000	0.000000	0.000000	0.000000	0.501530	0.281170	-0.723530	-1.370000	-1.453490	-0.278180	0.680400	0.398410	0.282090	-0.025780	-0.107560	-0.098730	-0.460810	-0.201720	-0.510130	-0.885770	-0.982230	-0.801400	0.494020	0.552860	0.322420	-0.060490
0.000000	0.000000	0.000000	0.000000	0.000000	0.000000	0.000000	0.000000	0.000000	0.000000	-0.214050	-0.007430	0.296360	0.204120	0.117590	-0.654760	-0.703370	-0.171030	0.193930	0.489090	0.012260	-0.563070	-1.003560	-1.112690	-0.281770	0.442110	1.090200	1.097800	0.200360	0.048080	-0.180860	-0.059100
0.000000	0.000000	0.000000	0.000000	0.000000	0.000000	0.000000	0.000000	0.000000	0.000000	-0.326020	-0.085610	0.321070	0.686260	0.016040	-0.535370	-0.848710	-0.698540	-0.247300	-0.169100	-0.274730	-0.260640	0.091690	0.743150	1.499160	1.561050	0.685050	-0.504190	-1.204460	-1.056040	-0.466150	-0.114040
0.000000	0.000000	0.000000	0.000000	0.000000	0.000000	0.000000	0.000000	0.000000	0.000000	0.142280	-0.357260	-0.907240	-1.071120	-0.054740	0.937110	1.051400	0.492480	-0.134570	-0.216270	0.192270	0.329570	0.047580	-0.638630	-1.856140	-1.937110	-1.077620	0.278140	1.271440	0.622680	-0.057190	-0.455360
0.000000	0.000000	0.000000	0.000000	0.000000	0.000000	0.000000	0.000000	0.000000	0.000000	-0.062940	0.045400	0.251940	0.110850	-0.052070	-0.346890	-0.330270	0.093350	0.239310	0.272000	0.129040	0.058710	0.001610	-0.034250	0.217520	-0.212120	-0.459170	-0.629870	-0.503930	0.628140	0.893600	0.801460
