0.000000	0.000000	0.000000	0.000000	0.000000	0.000000	0.000000	0.000000	0.000000	0.000000	0.000000	0.000000	0.000000	0.000000	2.671240	2.995320	3.220600	3.198530	3.130120	3.278920	3.442330	3.455320	3.421940	3.367290	3.393730	3.392750	3.295890	3.304880	3.260210	3.205000	3.122720	3.181430
0.000000	0.000000	0.000000	0.000000	0.000000	0.000000	0.000000	0.000000	0.000000	0.000000	0.000000	0.000000	0.000000	0.000000	0.013230	-0.014670	-0.051350	-0.029250	-0.026860	-0.025330	-0.030320	-0.017140	-0.016270	-0.017790	-0.016730	-0.014900	0.038590	0.004190	-0.011520	-0.037340	0.009100	-0.063680
0.000000	0.000000	0.000000	0.000000	0.000000	0.000000	0.000000	0.000000	0.000000	0.000000	0.000000	0.000000	0.000000	0.000000	-0.232180	-0.180520	-0.219870	-0.259410	-0.224540	-0.220040	-0.177180	-0.161300	-0.188080	-0.179210	-0.160110	-0.179220	-0.244050	-0.215680	-0.245230	-0.233280	-0.313810	-0.247240
0.000000	0.000000	0.000000	0.000000	0.000000	0.000000	0.000000	0.000000	0.000000	0.000000	0.000000	0.000000	0.000000	0.000000	-0.135410	-0.229820	-0.133500	-0.074700	-0.078330	-0.066920	-0.108890	-0.120730	-0.092670	-0.108980	-0.132660	-0.127540	-0.088910	-0.148270	-0.137960	-0.097800	-0.039260	-0.088500
0.000000	0.000000	0.000000	0.000000	0.000000	0.000000	0.000000	0.000000	0.000000	0.000000	0.000000	0.000000	0.000000	0.000000	-0.147170	-0.116730	-0.229560	-0.341040	-0.359170	-0.289680	-0.311720	-0.334160	-0.335730	-0.335260	-0.331830	-0.323830	-0.342140	-0.251890	-0.215720	-0.283300	-0.308080	-0.289790
0.000000	0.000000	0.000000	0.000000	0.000000	0.000000	0.000000	0.000000	0.000000	0.000000	0.000000	0.000000	0.000000	0.000000	-0.020720	-0.152710	-0.062490	-0.003970	-0.014140	-0.014370	0.018830	0.054440	0.024400	0.031410	0.063220	0.046820	0.050820	-0.030570	-0.036480	-0.018380	-0.044840	-0.022350
0.000000	0.000000	0.000000	0.000000	0.000000	0.000000	0.000000	0.000000	0.000000	0.000000	0.000000	0.000000	0.000000	0.000000	-0.112650	-0.036930	-0.089850	-0.126010	-0.048140	-0.065120	-0.053540	-0.049610	-0.043500	-0.046280	-0.065030	-0.072890	-0.083380	-0.049600	-0.100560	-0.106410	-0.089170	-0.157090
0.000000	0.000000	0.000000	0.000000	0.000000	0.000000	0.000000	0.000000	0.000000	0.000000	0.000000	0.000000	0.000000	0.000000	-0.228640	-0.258640	-0.283510	-0.264960	-0.311240	-0.219480	-0.279820	-0.306660	-0.284000	-0.306000	-0.317180	-0.324950	-0.335920	-0.373330	-0.355010	-0.272710	-0.298790	-0.218050
0.000000	0.000000	0.000000	0.000000	0.000000	0.000000	0.000000	0.000000	0.000000	0.000000	0.000000	0.000000	0.000000	0.000000	-0.040820	-0.442250	-0.405740	-0.466570	-0.454660	-0.365030	-0.361190	-0.354030	-0.386620	-0.385990	-0.353150	-0.351890	-0.312140	-0.282160	-0.266340	-0.413420	-0.399460	-0.482280
0.000000	0.000000	0.000000	0.000000	0.000000	0.000000	0.000000	0.000000	0.000000	0.000000	0.000000	0.000000	0.000000	0.000000	-0.103640	0.007900	-0.007450	0.024300	0.017910	0.039490	0.061420	0.066870	0.058100	0.059420	0.062510	0.041270	-0.016870	-0.037690	-0.073780	0.018130	-0.005330	0.030780
0.000000	0.000000	0.000000	0.000000	0.000000	0.000000	0.000000	0.000000	0.000000	0.000000	0.000000	0.000000	0.000000	0.000000	-0.204440	-0.153420	-0.168680	-0.212820	-0.168920	-0.174690	-0.224040	-0.223550	-0.194070	-0.213130	-0.239890	-0.244650	-0.201150	-0.227610	-0.206390	-0.205090	-0.209460	-0.206750
0.000000	0.000000	0.000000	0.000000	0.000000	0.000000	0.000000	0.000000	0.000000	0.000000	0.000000	0.000000	0.000000	0.000000	0.064820	-0.029500	-0.049500	-0.004800	-0.032380	-0.048530	-0.008740	-0.017020	-0.043640	-0.022420	0.005580	0.025760	0.008220	0.060300	0.041140	-0.006940	0.003600	-0.024770
0.000000	0.000000	0.000000	0.000000	0.000000	0.000000	0.000000	0.000000	0.000000	0.000000	0.000000	0.000000	0.000000	0.000000	-0.137080	0.047420	0.135230	0.080460	0.062220	0.038240	0.039810	0.056980	0.053780	0.061880	0.066630	0.053500	0.054780	0.001770	0.046080	0.084380	0.069200	0.128120
0.000000	0.000000	0.000000	0.000000	0.000000	0.000000	0.000000	0.000000	0.000000	0.000000	0.000000	0.000000	0.000000	0.000000	4.774620	5.345750	5.962790	5.860720	4.841090	2.852150	1.893290	1.658530	0.753830	-0.554350	-1.471930	-1.774650	-2.104220	-2.033210	-1.994950	-1.638650	-1.074910	-0.784140
0.000000	0.000000	0.000000	0.000000	0.000000	0.000000	0.000000	0.000000	0.000000	0.000000	0.000000	0.000000	0.000000	0.000000	-0.510470	-0.489660	-0.450250	-0.314560	-0.145010	0.047970	0.136680	0.051380	0.254120	0.263370	0.186320	-0.032750	0.006890	-0.266530	-0.500140	-0.682560	-0.808890	-0.618960
0.000000	0.000000	0.000000	0.000000	0.000000	0.000000	0.000000	0.000000	0.000000	0.000000	0.000000	0.000000	0.000000	0.000000	-0.040390	-0.036190	0.127300	0.299290	0.293310	0.278690	0.545790	0.519260	-0.004900	-0.256580	-0.612820	-0.681750	-0.937330	-0.908040	-0.775240	-0.478910	-0.191010	-0.159230
0.000000	0.000000	0.000000	0.000000	0.000000	0.000000	0.000000	0.000000	0.000000	0.000000	0.000000	0.000000	0.000000	0.000000	0.254330	0.503000	0.515300	0.453710	0.489700	0.417710	-0.247490	-0.507760	-0.325500	-0.384590	-0.275450	-0.144490	0.150310	0.307000	0.377980	0.310080	0.223610	0.291250
0.000000	0.000000	0.000000	0.000000	0.000000	0.000000	0.000000	0.000000	0.000000	0.000000	0.000000	0.000000	0.000000	0.000000	-1.629490	-1.741720	-1.799590	-1.782680	-1.585040	-1.196970	-0.454860	-0.029800	-0.141160	0.018930	0.563900	0.654360	0.505080	0.395060	0.241420	0.059490	-0.124460	-0.434030
0.000000	0.000000	0.000000	0.000000	0.000000	0.000000	0.000000	0.000000	0.000000	0.000000	0.000000	0.000000	0.000000	0.000000	-0.204550	-0.028710	0.273600	0.678840	0.888730	1.081540	0.689460	0.466960	0.443710	-0.010760	-0.473590	-0.675880	-0.768720	-0.822530	-0.794520	-0.553700	-0.309300	0.024270
0.000000	0.000000	0.000000	0.000000	0.000000	0.000000	0.000000	0.000000	0.000000	0.000000	0.000000	0.000000	0.000000	0.000000	0.273770	0.314220	0.353430	0.349300	0.306530	0.183520	0.297750	0.143980	-0.249450	-0.161060	-0.359940	-0.488900	-0.476350	-0.665400	-0.754730	-0.827010	-0.846560	-0.834340
0.000000	0.000000	0.000000	0.000000	0.000000	0.000000	0.000000	0.000000	0.000000	0.000000	0.000000	0.000000	0.000000	0.000000	-0.644620	-0.404170	-0.414270	-0.480540	-0.378170	-0.308430	-0.356030	-0.500530	-0.554720	-0.919000	-0.689080	-0.296150	-0.148820	0.426830	0.826540	1.082430	1.200340	1.156480
0.000000	0.000000	0.000000	0.000000	0.000000	0.000000	0.000000	0.000000	0.000000	0.000000	0.000000	0.000000	0.000000	0.000000	-4.129380	-3.820290	-3.171610	-2.173940	-0.993440	0.535370	0.533590	0.630340	0.528100	0.450860	0.712530	0.306430	0.044190	-0.666880	-1.279160	-1.630930	-1.847250	-1.734410
0.000000	0.000000	0.000000	0.000000	0.000000	0.000000	0.000000	0.000000	0.000000	0.000000	0.000000	0.000000	0.000000	0.000000	1.108470	1.223780	1.283670	1.200270	0.911300	0.465870	0.427470	0.172720	-0.204600	-0.655980	-1.088210	-0.929820	-0.794790	-0.486890	-0.145060	0.240860	0.552330	0.583520
0.000000	0.000000	0.000000	0.000000	0.000000	0.000000	0.000000	0.000000	0.000000	0.000000	0.000000	0.000000	0.000000	0.000000	0.173910	0.179000	-0.043080	-0.243590	-0.307050	-0.457140	-0.450500	-0.452690	-0.425620	-0.296540	-0.052770	-0.018870	-0.018920	0.125170	0.186630	0.107910	-0.027720	0.016220
0.000000	0.000000	0.000000	0.000000	0.000000	0.000000	0.000000	0.000000	0.000000	0.000000	0.000000	0.000000	0.000000	0.000000	-0.986190	-1.064120	-0.869530	-0.634530	-0.424140	-0.020430	0.110920	0.187930	0.343000	0.555510	0.517950	0.397300	0.275610	-0.113310	-0.415030	-0.574350	-0.602420	-0.667660
0.000000	0.000000	0.000000	0.000000	0.000000	0.000000	0.000000	0.000000	0.000000	0.000000	0.000000	0.000000	0.000000	0.000000	2.113500	1.941140	1.599720	1.150080	0.493560	-0.321410	-0.393830	-0.098890	0.009000	-0.160600	-0.212420	-0.111050	-0.029120	0.260240	0.515780	0.728820	0.814740	0.832410
0.000000	0.000000	0.000000	0.000000	0.000000	0.000000	0.000000	0.000000	0.000000	0.000000	0.000000	0.000000	0.000000	0.000000	-0.488070	-2.259530	-2.990650	-2.218950	-0.438290	-0.470050	-2.153080	-2.969040	-2.348600	-0.864970	-0.474200	-0.709480	-0.693240	-0.480350	0.308750	1.045050	1.246020	0.919100
0.000000	0.000000	0.000000	0.000000	0.000000	0.000000	0.000000	0.000000	0.000000	0.000000	0.000000	0.000000	0.000000	0.000000	0.066600	0.317280	0.493300	0.415840	0.200320	-0.030210	-0.096020	-0.101810	0.075890	0.160900	0.035700	-0.346670	-0.686090	-0.624390	-0.405970	-0.156620	-0.125810	-0.081050
0.000000	0.000000	0.000000	0.000000	0.000000	0.000000	0.000000	0.000000	0.000000	0.000000	0.000000	0.000000	0.000000	0.000000	-0.463720	-0.525340	-0.010070	0.694320	0.652290	0.250260	-0.455450	-0.683890	-0.631410	-0.648970	-0.660350	-0.363060	-0.108240	0.034350	0.289410	0.369380	0.496270	0.331770
0.000000	0.000000	0.000000	0.000000	0.000000	0.000000	0.000000	0.000000	0.000000	0.000000	0.000000	0.000000	0.000000	0.000000	0.868100	1.237420	0.487250	-0.769720	-1.272660	-1.102720	-0.196350	0.119190	0.091620	0.025300	-0.037830	0.042290	0.301380	0.621680	0.421300	-0.189270	-0.675240	-0.702130
0.000000	0.000000	0.000000	0.000000	0.000000	0.000000	0.000000	0.000000	0.000000	0.000000	0.000000	0.000000	0.000000	0.000000	-1.429310	-1.261900	-0.028180	1.532510	1.772650	0.770540	-0.098620	-0.182530	0.066610	0.517580	0.757270	0.605810	0.061700	-0.982160	-1.358750	-0.661180	0.045170	0.441380
0.000000	0.000000	0.000000	0.000000	0.000000	0.000000	0.000000	0.000000	0.000000	0.000000	0.000000	0.000000	0.000000	0.000000	0.896570	1.393040	1.003390	0.241090	-0.272630	-0.527610	-0.291220	-0.398230	-0.294480	-0.530100	-0.910600	-0.893170	-0.641670	0.321020	0.762440	0.602430	0.328330	-0.062310
0.000000	0.000000	0.000000	0.000000	0.000000	0.000000	0.000000	0.000000	0.000000	0.000000	0.000000	0.000000	0.000000	0.000000	-0.353510	-0.418870	-0.051900	0.330650	0.066200	-0.049460	-0.471480	-0.540940	-0.443670	-0.297740	-0.078700	-0.039130	-0.048750	-0.443290	-0.416850	-0.331030	-0.233030	-0.002470
0.000000	0.000000	0.000000	0.000000	0.000000	0.000000	0.000000	0.000000	0.000000	0.000000	0.000000	0.000000	0.000000	0.000000	-0.116860	0.283340	0.497750	0.309890	0.109520	-0.606750	-0.444620	-0.142440	-0.138220	-0.066590	-0.249150	0.243510	0.768620	1.273750	1.121060	0.297430	-0.211960	-0.557520
0.000000	0.000000	0.000000	0.000000	0.000000	0.000000	0.000000	0.000000	0.000000	0.000000	0.000000	0.000000	0.000000	0.000000	0.407850	2.687280	3.900180	4.047000	2.145650	-0.454850	-0.864510	-0.790090	0.111590	0.765550	0.663890	-0.235320	-1.369470	-2.178900	-2.009810	-0.546930	0.417990	0.840280
0.000000	0.000000	0.000000	0.000000	0.000000	0.000000	0.000000	0.000000	0.000000	0.000000	0.000000	0.000000	0.000000	0.000000	-0.106230	-0.540740	-0.631050	-0.618970	-0.328920	-0.214700	-0.474050	-0.529400	-0.700600	-0.848760	-0.985050	-0.361870	0.598930	1.323060	1.389830	0.406610	-0.244470	-0.513870
0.000000	0.000000	0.000000	0.000000	0.000000	0.000000	0.000000	0.000000	0.000000	0.000000	0.000000	0.000000	0.000000	0.000000	-0.390830	-0.507000	-0.517540	-0.340940	-0.320990	-0.100410	0.066790	-0.010470	0.000370	0.023490	0.242890	0.387930	0.101690	-0.085940	-0.273550	-0.222740	-0.117810	-0.142290
0.000000	0.000000	0.000000	0.000000	0.000000	0.000000	0.000000	0.000000	0.000000	0.000000	0.000000	0.000000	0.000000	0.000000	0.310420	0.691840	0.888670	0.647500	0.311960	-0.017880	-0.076530	0.219950	0.337830	0.364740	0.132630	-0.446330	-0.722900	-0.999310	-0.751460	-0.201860	0.102980	0.307410
0.000000	0.000000	0.000000	0.000000	0.000000	0.000000	0.000000	0.000000	0.000000	0.000000	0.000000	0.000000	0.000000	0.000000	-0.682200	-2.003980	-2.788680	-2.283820	-0.903210	0.474540	0.648250	0.141710	-0.137290	-0.517050	-0.506210	-0.057660	0.355270	0.954530	0.758510	0.217510	-0.125060	-0.385780
