0.000000	0.000000	0.000000	2.636400	2.709640	2.766420	2.942790	2.920380	2.949250	3.159030	3.046920	3.228790	3.240030	3.252570	3.200250	3.219210	3.148540	3.026270	3.038910	3.125330	3.178230	3.116060	2.975700	2.827830	2.893700	2.910260	2.781070	2.808880	2.721390	2.718580	3.152750	2.765790
0.000000	0.000000	0.000000	0.022580	-0.056660	-0.064740	-0.015660	-0.045000	-0.107280	-0.064860	0.029550	-0.058800	-0.082950	-0.103600	-0.105520	-0.102490	-0.072280	-0.017340	-0.039470	-0.079610	-0.105590	-0.074110	-0.081020	-0.012540	-0.051650	-0.040670	-0.026950	-0.037690	0.010920	-0.004770	0.002890	-0.025780
0.000000	0.000000	0.000000	-0.171270	-0.128310	-0.127680	-0.171240	-0.165150	-0.141210	-0.305240	-0.221280	-0.137640	-0.094170	-0.112080	-0.104270	-0.115990	-0.159680	-0.219930	-0.193450	-0.212140	-0.256850	-0.281420	-0.217030	-0.201260	-0.159090	-0.186730	-0.184210	-0.212200	-0.224700	-0.177630	-0.238090	-0.175930
0.000000	0.000000	0.000000	-0.242060	-0.237750	-0.233100	-0.204290	-0.208710	-0.200380	-0.125230	-0.143440	-0.186910	-0.204030	-0.148190	-0.139060	-0.134930	-0.091150	-0.042460	-0.074280	-0.119330	-0.130330	-0.095430	-0.097970	-0.145790	-0.184670	-0.157820	-0.180780	-0.133280	-0.163960	-0.224750	-0.195040	-0.221540
0.000000	0.000000	0.000000	-0.027070	-0.027710	-0.046820	-0.134260	-0.084610	-0.064380	0.077260	-0.193300	-0.179940	-0.175300	-0.209530	-0.271480	-0.264310	-0.300040	-0.324480	-0.294530	-0.146090	-0.037200	-0.077840	-0.200450	-0.189850	-0.153580	-0.182230	-0.091320	-0.099850	-0.053520	-0.008640	0.000110	-0.003620
0.000000	0.000000	0.000000	-0.121640	-0.112670	-0.087530	-0.087540	-0.105540	-0.135680	-0.154760	-0.031090	-0.063520	-0.066740	-0.039630	-0.012250	-0.018640	0.005470	-0.007930	-0.013160	-0.117150	-0.106480	-0.093110	-0.008400	0.019540	-0.031870	0.017450	-0.031880	-0.083590	-0.081910	-0.116160	-0.037660	-0.127400
0.000000	0.000000	0.000000	-0.089760	-0.098060	-0.136250	-0.082930	-0.145340	-0.122170	-0.130990	-0.144870	-0.114800	-0.086250	-0.095250	-0.079110	-0.084320	-0.092000	-0.043680	-0.066360	-0.074210	-0.216170	-0.215790	-0.242320	-0.239010	-0.158240	-0.243670	-0.218770	-0.083840	-0.158710	-0.119760	-0.103230	-0.111370
0.000000	0.000000	0.000000	-0.114030	-0.159670	-0.145910	-0.270580	-0.160160	-0.201800	0.037880	-0.174080	-0.132140	-0.115340	-0.134300	-0.181950	-0.184600	-0.202580	-0.265730	-0.236390	-0.272490	-0.173820	-0.166560	-0.083900	-0.093240	-0.189600	-0.093650	-0.078840	-0.185880	-0.054070	-0.089920	0.096300	-0.121460
0.000000	0.000000	0.000000	-0.167450	-0.081890	-0.053430	-0.255420	-0.293760	-0.155350	0.072620	-0.320620	-0.447550	-0.480760	-0.397310	-0.420680	-0.414390	-0.384160	-0.324040	-0.347930	-0.227170	-0.194490	-0.182560	-0.396680	-0.362680	-0.296890	-0.379600	-0.203830	-0.035130	-0.184080	-0.139770	-0.050850	-0.104390
0.000000	0.000000	0.000000	-0.030050	-0.097420	-0.155380	-0.098870	-0.129240	-0.182960	-0.008980	-0.056710	0.033130	0.072710	0.037800	0.036180	0.026360	0.009000	-0.029960	0.006040	-0.081540	-0.064260	-0.131770	-0.012380	-0.037710	-0.084650	-0.018440	-0.104390	-0.036540	-0.029920	-0.049250	0.094440	-0.061030
0.000000	0.000000	0.000000	-0.139450	-0.183880	-0.154250	-0.141530	-0.081650	-0.164040	-0.186100	-0.139090	-0.117790	-0.090140	-0.124770	-0.120610	-0.125130	-0.134120	-0.121640	-0.169160	-0.175230	-0.196640	-0.121850	-0.163570	-0.147330	-0.103540	-0.139680	-0.107720	-0.275060	-0.125870	-0.123990	-0.102360	-0.164030
0.000000	0.000000	0.000000	-0.057250	0.050450	0.053760	-0.003970	-0.047070	0.096040	-0.075520	-0.033500	-0.121740	-0.186540	-0.117600	-0.117040	-0.107050	-0.089520	-0.074670	-0.039280	-0.021820	-0.022820	-0.081200	-0.064890	-0.043350	-0.068760	-0.074660	-0.054410	0.094220	-0.075660	-0.067550	-0.168100	-0.016400
0.000000	0.000000	0.000000	-0.092020	-0.170000	-0.190840	0.024870	0.030510	-0.141110	-0.181340	0.004960	0.067850	0.105670	0.064980	0.052280	0.057070	0.053370	0.017610	0.013700	0.018760	-0.045060	-0.004820	0.084420	0.086410	0.093180	0.121480	0.012340	-0.164800	-0.058370	-0.068480	-0.199600	-0.113710
0.000000	0.000000	0.000000	2.317930	2.775730	3.759760	3.772740	4.102680	3.885160	3.480380	2.607280	2.258060	1.237680	-0.355560	-0.926370	-1.591940	-1.214950	-0.979920	-1.119660	-1.835570	-1.820790	-1.767610	-2.604280	-3.021300	-3.126130	-2.573790	-0.135980	0.015510	-0.362390	-0.348940	-0.124760	-0.402080
0.000000	0.000000	0.000000	-0.709440	-0.956490	-0.904020	-0.386390	-0.229170	-0.087190	-0.318490	-0.550940	-0.485080	-0.358270	-0.295820	-0.199760	0.182490	0.128210	0.125870	-0.016200	0.083480	-0.051110	-0.041580	0.265920	0.429390	0.584890	0.457160	0.416690	0.149930	0.170350	0.008440	-0.124440	-0.203600
0.000000	0.000000	0.000000	0.084240	0.111770	-0.546870	-0.735700	-0.539940	-0.203930	0.198120	0.618330	0.750460	0.683020	0.488830	-0.340890	-0.937390	-1.303640	-1.431610	-1.204310	-0.769940	-0.128490	0.227040	0.318440	0.394570	0.345980	0.274710	-0.240460	-0.228390	-0.178590	0.056760	0.170760	0.286530
0.000000	0.000000	0.000000	0.198530	0.280880	0.622140	0.773710	0.652770	0.408210	0.370510	0.303050	0.302100	0.384850	0.586440	0.878590	0.848520	0.532980	0.214860	0.057170	-0.296300	-0.777970	-0.883560	-0.770910	-0.489030	-0.496130	-0.756740	-0.629620	-0.521610	-0.529100	-0.655230	-0.610240	-0.616340
0.000000	0.000000	0.000000	-0.662340	-0.626470	0.013330	-0.533480	-0.860630	-1.016370	-1.163940	-1.473100	-1.966100	-2.223730	-2.262560	-1.213230	-0.551170	0.566020	1.401100	1.477170	1.276770	1.175690	0.670660	0.289230	-0.209760	0.024120	0.889420	1.558000	1.520570	1.339310	1.153160	0.673840	0.470450
0.000000	0.000000	0.000000	0.173470	0.024010	-0.187700	0.128370	0.224170	0.248970	0.372150	0.657540	0.842060	0.964140	0.770850	0.333480	-0.043050	-0.453020	-0.782660	-0.611570	-0.222990	-0.103820	0.346460	0.520390	0.485250	0.007350	-0.589430	-0.795700	-0.992870	-0.931250	-0.979790	-0.686170	-0.494380
0.000000	0.000000	0.000000	-0.373550	-0.399650	-0.428590	-0.471830	-0.339720	-0.068360	0.121990	0.183130	0.432940	0.341340	0.505500	0.456390	0.241850	-0.460840	-0.917890	-1.396520	-1.634190	-1.414860	-1.501750	-1.095800	-0.088410	0.597700	0.814310	1.002550	0.913050	0.709110	0.781410	0.379660	-0.029880
0.000000	0.000000	0.000000	-0.834050	-0.904940	0.070730	0.046600	0.250300	0.539300	0.525510	0.364570	-0.394290	-0.758930	-1.541980	-0.945260	-1.278500	-0.908950	-0.384680	0.426630	0.911940	0.909860	1.206670	1.138060	0.601080	0.360350	0.251130	0.839210	0.706660	0.564940	-0.030330	-0.214000	-0.295800
0.000000	0.000000	0.000000	-0.526050	-0.462940	0.499980	-0.350160	-1.554840	-2.612260	-2.594780	-2.213060	-2.448930	-2.596600	-1.721330	0.366960	1.392610	1.820900	1.877800	1.197280	0.535250	0.109840	-0.612750	-0.336230	0.375420	0.782270	1.486670	2.551700	2.200260	1.726530	1.323450	0.314320	-0.091140
0.000000	0.000000	0.000000	-0.991740	-1.242670	-0.644770	-0.258840	0.513160	1.380310	1.668160	1.524500	1.432510	0.994010	-0.007230	-0.147560	-0.891930	-1.093070	-1.268930	-0.937280	-0.664860	-0.555430	-0.156890	-0.269590	0.143590	0.187860	0.189630	0.413620	0.386450	0.281270	-0.035290	-0.044400	-0.440720
0.000000	0.000000	0.000000	0.080460	-0.014390	-0.172910	-0.096710	0.064320	0.314300	0.154310	0.099980	0.057560	0.262170	0.157210	-0.290540	-0.544460	-0.741410	-0.422100	-0.411060	-0.275510	0.039330	0.143080	0.442640	-0.178650	-0.127620	-0.225510	0.064390	-0.120420	-0.223610	-0.091150	-0.078900	0.117470
0.000000	0.000000	0.000000	0.459900	0.790890	0.282300	-0.039910	-0.738850	-1.632500	-1.582510	-1.345700	-1.186810	-1.070210	-0.136190	0.252250	0.884410	1.059680	0.578530	0.401960	0.261660	-0.004010	-0.243950	-0.343480	0.308220	0.234170	0.241380	-0.400750	-0.267670	-0.075350	-0.037050	-0.080630	-0.081180
0.000000	0.000000	0.000000	0.494750	0.235740	-0.135050	0.328680	0.946980	1.556730	1.416060	0.885420	1.209410	1.514600	0.795690	-0.298680	-0.636350	-0.928710	-0.758060	-0.323330	0.036410	0.413060	0.848290	0.600050	-0.371080	-0.712700	-1.336740	-2.260670	-2.199980	-1.931200	-1.428440	-0.577300	-0.036630
0.000000	0.000000	0.000000	1.274760	0.997250	0.736810	-0.671600	-0.429960	-0.111420	-0.689050	-0.637690	-1.938140	-2.244830	-2.386200	-2.207910	-0.846640	0.886050	2.250070	1.305690	-1.364840	-3.218330	-2.416990	-0.108720	1.774010	1.095220	-0.108510	1.556790	2.020040	1.881810	-0.286400	-2.599260	-1.774360
0.000000	0.000000	0.000000	0.339080	0.434080	0.335950	0.400700	0.488520	0.403120	-0.282520	-1.140770	-0.878520	-0.054910	1.058450	1.309670	0.501350	-0.500320	-1.187340	-0.918290	0.141170	0.864590	0.728370	0.182310	-0.528500	-0.274870	0.004580	0.090050	-0.023150	-0.609450	-0.618220	-0.483540	-0.219680
0.000000	0.000000	0.000000	-0.478540	-0.618030	-1.087790	-0.932500	-0.236060	0.879520	2.108520	1.467620	0.043960	-1.343930	-2.034070	-1.458500	-0.736300	-0.128610	0.194750	0.300940	0.574970	1.102020	1.189130	0.508540	-0.483120	-1.229560	-0.846560	-0.352410	0.225430	0.522930	0.277690	0.213430	-0.091320
0.000000	0.000000	0.000000	0.147720	0.161330	0.339070	0.290390	0.036320	-0.525830	-0.996970	-0.592860	0.182820	0.821040	0.852890	0.369100	-0.329110	-1.070250	-1.290440	-0.771540	-0.075940	0.063440	-0.304890	-0.569660	0.009840	0.619870	0.362000	-0.101030	-0.729370	-0.516820	0.131460	0.316830	0.396440
0.000000	0.000000	0.000000	-0.627420	-0.393920	0.768990	1.025180	-0.111330	-1.443890	-2.340630	-0.765970	0.331990	0.569880	0.405540	0.095350	1.141240	2.446590	2.758080	1.163630	-1.503520	-3.169510	-2.496680	-0.042620	1.486300	1.588270	1.079940	0.168720	-0.071110	-0.564670	-0.997130	-0.845920	-0.648630
0.000000	0.000000	0.000000	-0.085020	-0.372750	-0.756390	-0.387660	0.319860	0.887130	0.849420	-0.068690	-0.326730	-0.248150	-0.193450	-0.238880	-0.946810	-1.364360	-1.102100	-0.069100	1.470520	1.754730	1.080570	-0.409450	-1.536890	-1.400400	-1.252350	-0.171530	0.412410	0.401230	0.281510	-0.275490	-0.218130
0.000000	0.000000	0.000000	0.008520	0.022760	0.050240	-0.156470	0.146200	0.287320	0.444680	0.542410	0.052070	-0.309540	-0.301700	-0.218150	-0.048300	-0.671480	-1.583960	-1.729500	-1.088210	0.810850	1.560310	1.385440	1.090510	0.283600	0.605180	0.293060	-0.532990	-0.489540	-0.760960	-0.435180	-0.148370
0.000000	0.000000	0.000000	-0.493520	-0.142340	1.267690	2.041260	0.993020	-0.220230	-1.902670	-1.257790	-0.601870	-0.411700	-0.272980	-0.526590	-0.111750	0.554540	1.259130	1.601920	1.605740	0.099090	-0.881150	-1.281120	-1.148330	0.089090	0.082930	0.909390	0.904420	-0.513800	-1.309200	-2.084720	-1.305090
0.000000	0.000000	0.000000	-1.925490	-2.211900	-0.318560	1.303800	0.459490	-2.462930	-4.381810	-1.469340	2.149150	3.850180	2.821660	0.757660	0.557860	0.757390	0.676660	-0.622160	-2.367310	-2.702340	-1.863880	0.951830	3.126050	2.882060	1.718260	-0.654150	-1.946130	-1.325750	-1.041290	-0.416040	-0.202910
0.000000	0.000000	0.000000	0.221040	0.393990	1.101110	1.273240	1.580810	1.568760	0.307150	-0.326620	-1.435650	-1.728280	-1.171290	-0.797270	-0.385600	-0.245030	-0.374360	-0.066500	0.757310	0.845880	0.926590	-0.210920	-0.602360	-0.166070	-0.097410	1.059260	0.408770	-0.338570	-0.913150	-1.452860	-0.684320
0.000000	0.000000	0.000000	0.448610	0.534180	0.036430	-0.475830	-0.692840	0.176130	0.760970	0.407650	-0.252170	-0.896050	-0.546470	-0.279690	-0.255910	-0.379060	-0.196810	0.353200	0.620960	0.725050	0.130280	-0.025370	-0.808810	-1.035910	-0.392020	0.287360	1.281790	0.289220	-0.658560	-1.064810	-0.870430
0.000000	0.000000	0.000000	-0.910270	-1.113120	-1.274340	-0.805110	-0.637910	-1.394200	-0.751560	-0.179590	1.133580	1.897630	0.998250	0.645750	0.156480	0.000170	-0.292030	-0.884720	-0.978890	-0.639480	-0.002260	0.224390	0.722490	0.628110	0.062570	-1.124580	-1.821100	-0.347990	1.010400	1.783560	1.149280
0.000000	0.000000	0.000000	1.771350	1.754710	0.331060	-1.430640	-1.039650	1.224590	2.404730	0.989100	-1.312800	-2.449320	-1.648780	-0.505980	-0.157290	-0.259540	-0.169530	0.411180	1.005370	1.425010	0.909540	-0.527740	-2.243450	-2.829440	-1.974830	-0.374780	1.279900	1.208230	0.993410	0.610040	0.149810
