0.000000	0.000000	0.000000	2.102770	2.120040	2.402790	2.568720	2.718370	2.754540	2.695060	2.573930	2.661360	2.822040	2.900210	2.909990	2.968520	2.955490	2.897170	2.935720	3.003860	2.963610	2.982490	2.983970	2.971510	2.923090	2.906970	2.932320	2.979540	2.911700	2.890410	2.811940	2.406230
0.000000	0.000000	0.000000	-0.012120	-0.032820	-0.141360	-0.225580	-0.360140	-0.360850	-0.338210	-0.208820	-0.023740	-0.053160	-0.092260	-0.055320	-0.080630	-0.057320	-0.003110	-0.039980	-0.081710	-0.044870	-0.065620	-0.063900	-0.059030	-0.004270	0.003890	-0.033740	-0.088790	-0.023870	-0.026890	-0.020230	-0.030250
0.000000	0.000000	0.000000	-0.202380	-0.215610	-0.234490	-0.206340	-0.196070	-0.215890	-0.236260	-0.265460	-0.256450	-0.165810	-0.165280	-0.200510	-0.126950	-0.138500	-0.207780	-0.149450	-0.137250	-0.173350	-0.136690	-0.142550	-0.133790	-0.223000	-0.199130	-0.153720	-0.103900	-0.208880	-0.220850	-0.194450	-0.211580
0.000000	0.000000	0.000000	-0.134750	-0.097650	-0.038420	-0.032460	0.021100	-0.002080	0.025060	0.026470	-0.104320	-0.176720	-0.110170	-0.068600	-0.166230	-0.181600	-0.120500	-0.181180	-0.131250	-0.105220	-0.149700	-0.137420	-0.161320	-0.063470	-0.128100	-0.171680	-0.181820	-0.052180	-0.050080	-0.107470	-0.054260
0.000000	0.000000	0.000000	-0.025010	-0.071910	-0.027300	0.013880	0.018330	0.080790	0.051850	-0.055240	-0.019770	-0.021650	-0.100450	-0.146140	-0.084610	-0.025020	-0.048200	-0.010310	-0.098060	-0.107750	-0.071160	-0.083910	-0.064510	-0.132200	-0.061660	-0.041060	-0.092190	-0.219380	-0.189500	-0.137190	-0.170500
0.000000	0.000000	0.000000	-0.127300	-0.123020	-0.160460	-0.240180	-0.231180	-0.258230	-0.229930	-0.136240	-0.104600	-0.101490	-0.038210	0.000880	0.019080	-0.066550	-0.093450	-0.096850	-0.035070	-0.041410	-0.064600	-0.059340	-0.061830	-0.031350	-0.068020	-0.053740	0.021780	0.112270	0.065390	0.025080	-0.041290
0.000000	0.000000	0.000000	-0.095810	-0.103270	-0.187180	-0.107500	-0.182410	-0.157430	-0.173210	-0.192920	-0.163750	-0.101880	-0.101950	-0.094760	-0.163200	-0.109740	-0.053760	-0.089040	-0.085790	-0.072950	-0.067730	-0.065240	-0.078230	-0.070030	-0.084340	-0.110170	-0.134300	-0.194590	-0.155900	-0.124040	-0.061700
0.000000	0.000000	0.000000	-0.054010	-0.095220	0.048290	0.002760	0.054610	0.059550	0.053680	-0.066460	-0.107150	-0.143320	-0.127830	-0.144070	-0.037350	-0.000010	-0.056130	0.019020	-0.034620	-0.033810	-0.017230	-0.028080	-0.005430	-0.037700	0.007080	0.001920	-0.078330	-0.057840	-0.114300	-0.128530	-0.190120
0.000000	0.000000	0.000000	-0.104910	-0.194280	-0.196490	-0.121940	-0.130340	-0.072010	-0.087830	-0.052680	-0.094930	-0.118010	-0.087000	-0.033480	-0.080720	-0.162460	-0.118270	-0.200610	-0.130380	-0.142110	-0.159800	-0.147690	-0.166440	-0.145760	-0.196280	-0.184350	-0.063590	-0.106520	-0.067270	-0.045860	-0.136490
0.000000	0.000000	0.000000	-0.075090	-0.037910	-0.110300	-0.124820	-0.126310	-0.084210	-0.048940	-0.160110	-0.103170	-0.000810	0.025900	-0.001340	0.030870	0.076590	0.036770	0.098350	0.066160	0.078500	0.087690	0.072550	0.090990	0.100120	0.110840	0.115820	0.048790	0.067920	0.023890	0.034510	-0.011100
0.000000	0.000000	0.000000	-0.082930	-0.153120	-0.042170	-0.044940	-0.064070	-0.078580	-0.105870	-0.090100	-0.101210	-0.190080	-0.194070	-0.170790	-0.169480	-0.130010	-0.107380	-0.116790	-0.139940	-0.144260	-0.128710	-0.126750	-0.127410	-0.177370	-0.121950	-0.163260	-0.186530	-0.208690	-0.189230	-0.190140	-0.156170
0.000000	0.000000	0.000000	-0.066020	-0.004910	-0.094010	-0.104460	-0.098500	-0.088560	-0.098920	-0.072780	-0.073900	-0.025190	-0.025890	-0.029950	-0.026560	-0.100650	-0.110690	-0.123380	-0.087900	-0.091230	-0.111750	-0.102960	-0.115620	-0.073850	-0.141050	-0.089900	-0.029490	-0.050440	-0.043260	-0.054200	-0.047980
0.000000	0.000000	0.000000	-0.114970	-0.079290	0.006790	-0.023520	-0.023000	-0.041550	-0.035710	-0.099910	-0.095950	-0.098270	-0.107700	-0.114950	-0.152900	-0.109480	-0.116480	-0.097980	-0.117710	-0.112040	-0.093310	-0.108080	-0.089490	-0.118260	-0.077150	-0.112350	-0.133340	-0.080260	-0.085990	-0.084090	-0.066990
0.000000	0.000000	0.000000	4.411940	5.620190	5.938760	5.180500	4.300800	3.505230	2.389380	1.946280	2.059710	2.469490	2.589740	2.424170	1.684850	0.791760	0.475310	0.395160	0.230350	0.102930	-0.108650	-0.461920	-0.468720	-0.449960	-0.625440	-0.947230	-2.713930	-3.965160	-4.893250	-5.385060	-5.249370
0.000000	0.000000	0.000000	-2.377250	-3.060760	-3.304980	-2.705540	-1.169080	0.261300	1.472830	2.348860	2.616530	2.159700	1.613340	0.674950	-0.081620	0.107420	0.087500	-0.108570	-0.128850	-0.052910	0.095850	0.303930	0.138080	0.072090	0.120390	0.073580	-0.050080	-0.183050	-0.071020	0.107820	0.132640
0.000000	0.000000	0.000000	-0.129720	-0.140760	-0.219780	-0.381730	-0.444550	-0.090740	0.162490	0.130050	0.498630	0.792940	0.653470	0.637350	0.437240	0.009560	0.098650	0.137830	0.013160	-0.167280	-0.213940	-0.364730	-0.078650	-0.197040	-0.472180	-0.410920	-0.389690	-0.255650	-0.489890	-0.616210	-0.503000
0.000000	0.000000	0.000000	1.094420	1.233510	1.348560	1.309410	0.585840	-0.457740	-1.007690	-1.082680	-1.488220	-1.553610	-1.287840	-1.010600	-0.320390	-0.022280	-0.263180	-0.149280	0.104100	0.353470	0.164750	0.053710	-0.350090	0.014890	0.439400	0.356810	0.506180	0.452880	0.781780	0.778350	0.483170
0.000000	0.000000	0.000000	0.172980	0.563160	0.731770	0.395120	0.230560	0.053260	-0.677100	-1.338630	-1.429280	-1.160800	-0.629380	0.037890	-0.119140	-0.094780	0.154500	0.008310	-0.305210	-0.663550	-0.394170	-0.121650	0.128660	-0.486650	-0.909570	-0.858600	-0.938560	-0.834910	-0.963760	-0.701580	-0.227560
0.000000	0.000000	0.000000	-0.881800	-1.159900	-1.193860	-0.750420	-0.171500	0.397190	1.214580	1.916360	2.131010	1.788820	1.039150	0.252600	0.048530	-0.123890	-0.436680	-0.448930	-0.254510	0.215540	0.161120	0.030850	0.145970	0.813320	1.114070	1.030820	0.618700	0.176080	-0.134670	-0.618860	-1.058370
0.000000	0.000000	0.000000	-0.637290	-0.686660	-0.737550	-0.789850	-0.628360	-0.151420	0.293990	0.347280	0.432790	0.413300	0.669950	0.602910	0.366120	0.219430	0.312200	0.380430	0.395950	0.085490	-0.108060	-0.150440	-0.409300	-0.847870	-0.958650	-0.832930	-0.389100	-0.013750	0.386040	0.705990	0.874140
0.000000	0.000000	0.000000	0.702670	0.930450	1.021170	0.523580	-0.124310	-0.863760	-1.657980	-1.766960	-1.484330	-0.752980	-0.166750	0.806450	0.998970	0.959450	0.732070	0.412650	0.002870	-0.141050	0.081210	-0.004860	-0.094240	-0.272520	-0.649380	-0.919740	-1.379430	-1.563810	-1.724880	-1.509570	-1.122860
0.000000	0.000000	0.000000	-0.491000	-0.135960	0.122870	0.505230	0.666380	0.725210	0.474290	0.319150	0.184750	-0.359760	-0.403770	-0.809970	-0.646720	-0.663940	-0.820140	-0.731090	-0.388720	-0.066900	-0.290800	-0.212230	0.003780	0.262220	0.595100	0.850360	0.689720	0.424140	0.232010	-0.222010	-0.676180
0.000000	0.000000	0.000000	-0.452950	-0.390440	-0.177760	-0.435890	-0.381220	0.110930	0.821610	0.997510	1.120730	1.263690	1.254960	1.547870	1.008910	0.577740	0.513450	0.433670	0.244770	0.161130	0.279710	0.184860	0.050730	-0.118260	-0.403450	-0.545580	-0.892680	-1.063920	-1.087390	-0.946070	-0.657900
0.000000	0.000000	0.000000	0.135110	0.125100	0.001590	-0.035920	-0.110710	-0.522710	-1.194490	-1.177390	-1.040280	-0.716420	-0.308650	-0.046120	0.213530	0.450160	0.347700	0.171740	0.042280	-0.323820	-0.263060	-0.262440	-0.346060	-0.564350	-0.657640	-0.631850	-0.398970	-0.139940	-0.101940	0.191930	0.313490
0.000000	0.000000	0.000000	-0.305740	-0.358100	-0.429340	-0.363130	-0.294630	-0.023430	0.509660	0.602020	0.591610	0.236760	-0.106430	-0.530000	-0.656480	-0.786790	-0.738320	-0.571600	-0.398750	0.043800	-0.105620	-0.060240	0.142550	0.345040	0.522100	0.504880	0.498920	0.374670	0.391660	0.046760	-0.135420
0.000000	0.000000	0.000000	0.855830	0.808640	0.711380	0.278070	-0.154460	-0.615270	-0.952120	-0.859140	-0.947740	-0.730690	-0.547930	-0.187080	-0.163860	-0.080380	0.082530	0.134270	0.224460	-0.015600	0.091220	-0.010050	-0.106930	-0.054790	-0.034670	0.060650	0.141310	0.273810	0.239960	0.360380	0.294670
0.000000	0.000000	0.000000	2.674120	2.931500	0.593160	-3.464730	-5.612110	-4.097200	-0.175380	2.735100	2.737830	0.446060	-1.879320	-2.590160	-1.723380	-0.478620	0.395420	0.272010	-0.303980	-0.738440	-1.053660	-0.719130	-0.002180	0.455220	0.468380	-0.468690	-2.988600	-4.348120	-3.871600	-2.281760	-0.200000
0.000000	0.000000	0.000000	-1.561820	-1.866530	-0.883860	1.517420	4.291890	4.897540	3.161820	0.123150	-2.638510	-2.682150	-1.243240	-0.033880	0.301510	-0.340770	-0.839970	-0.490620	-0.021360	0.373600	0.711050	0.416660	-0.260840	-0.792630	-0.821430	-0.096920	0.574640	0.338310	-0.100800	-0.414460	-0.341200
0.000000	0.000000	0.000000	0.170450	0.264310	0.140980	-0.337380	-0.646300	-0.138630	0.682180	1.105330	0.864740	-0.056960	-0.722980	-0.712520	-0.649000	-0.258410	0.196520	0.070410	0.086480	-0.340640	-0.823670	-0.512790	0.125780	0.708570	0.359060	-0.514740	-1.047510	-0.407160	0.336690	0.536390	0.336610
0.000000	0.000000	0.000000	0.299810	0.123330	-0.260650	-0.643280	-1.392830	-1.903920	-1.928210	-0.952720	0.630190	1.218020	0.744640	-0.150360	-0.007040	0.554070	0.558230	0.378550	-0.463990	-0.315830	0.136340	-0.064830	-0.286430	-0.537920	0.255310	0.949990	0.923660	-0.095790	-0.795530	-0.651240	-0.322380
0.000000	0.000000	0.000000	0.509340	0.963480	0.763400	-0.373340	-1.290950	-1.758320	-1.229960	-0.439860	-0.135340	0.522510	1.199240	1.555220	0.717280	-0.752230	-1.326930	-1.053500	0.235680	0.514800	0.240560	0.231830	-0.045150	-0.325780	-1.168450	-1.291640	-0.370780	0.937160	1.218060	0.602030	-0.019420
0.000000	0.000000	0.000000	-0.788240	-0.886710	-0.337770	1.038360	1.884760	2.026460	1.314470	0.240490	-0.214540	-0.757350	-1.471300	-1.890600	-1.477540	-0.063340	0.933110	0.893090	0.005540	-0.421690	-0.272150	-0.053990	0.349030	0.766410	1.129880	0.614920	-0.957790	-2.293610	-2.105910	-1.094030	-0.064330
0.000000	0.000000	0.000000	0.035390	0.120470	0.281990	-0.003990	0.234770	0.406450	0.727770	1.005720	0.084730	-0.686100	-0.705110	-0.266930	0.466860	0.265590	-0.331430	-0.363440	-0.346850	-0.123340	-0.188260	-0.449760	-0.507200	-0.768730	-0.647800	-0.047600	0.920160	1.695770	1.300240	0.569500	-0.104880
0.000000	0.000000	0.000000	0.290510	0.391150	-0.157270	-1.023810	-2.050520	-2.347750	-1.507830	-0.129000	1.501890	2.400540	1.942100	1.049620	-0.363970	-1.174910	-0.944060	-0.833580	-0.017090	0.073730	0.043270	0.207920	-0.337750	-0.470240	-0.946930	-1.000760	-0.612960	-0.486740	0.069470	0.182680	0.223590
0.000000	0.000000	0.000000	0.669310	1.394910	1.450370	0.793550	-0.057940	-1.062350	-1.007630	-0.488850	0.125380	0.143970	-0.450240	-1.206350	-0.855600	0.210840	0.668720	0.943740	0.101710	-0.203820	-0.248950	-0.418120	0.334780	0.622760	1.062510	0.856030	-0.508020	-1.167280	-1.597860	-1.214200	-0.453320
0.000000	0.000000	0.000000	-0.479290	-0.372480	0.353570	0.569990	0.369280	0.183810	0.331500	1.152640	0.862760	-0.012590	-0.771050	-0.716120	-0.370550	-0.326150	-0.273080	-0.546650	-0.226100	-0.077190	-0.005290	0.237380	-0.230650	-0.554210	-0.889780	-0.806520	-0.295690	-0.130200	0.141250	0.115830	0.087040
0.000000	0.000000	0.000000	0.308980	0.300720	-0.399860	-0.870290	-0.788390	-0.681520	-0.382590	-0.500410	-0.164300	0.819750	1.314460	1.114410	0.338790	-0.619060	-0.865350	-0.565660	-0.072740	0.039380	-0.055720	-0.262940	-0.361660	-0.257330	-0.411100	-0.119300	0.371980	0.724340	0.689100	0.268290	-0.062010
0.000000	0.000000	0.000000	-0.514860	-0.589040	-0.130570	0.440630	0.628090	0.640360	0.398280	0.204470	-0.033840	-0.776040	-1.218780	-1.205170	-0.655650	0.415740	0.787690	0.685760	0.066160	-0.184270	-0.170710	-0.060490	0.350960	0.375010	0.621070	0.127030	-0.560290	-0.657710	-0.599520	-0.149770	0.006000
0.000000	0.000000	0.000000	-0.119120	-0.572130	-1.089110	-1.348740	-1.164790	-0.605580	-0.152340	0.243680	0.213630	0.158270	0.169090	0.277230	0.497210	0.150820	-0.053620	-0.247510	-0.097990	-0.042020	-0.098750	-0.104710	-0.337550	-0.112640	-0.065010	0.230710	0.439720	0.100270	-0.042590	-0.236940	-0.203610
