0.000000	0.000000	0.000000	0.000000	0.000000	0.000000	1.937880	1.958580	2.575580	2.573770	2.735730	2.738420	2.715630	2.847860	2.812500	2.808070	2.773530	2.758330	2.826870	2.785900	2.761380	2.762190	2.787180	2.755050	2.834410	2.778840	2.651690	2.597440	2.541270	2.440860	2.392820	2.290410
0.000000	0.000000	0.000000	0.000000	0.000000	0.000000	-0.012000	-0.078620	-0.230240	-0.270910	-0.287430	-0.225720	-0.118260	-0.058520	-0.022380	-0.036220	-0.018270	-0.002640	-0.022030	-0.012670	0.005650	0.018960	-0.012520	0.016900	-0.034270	-0.062300	-0.021030	-0.017820	0.015200	0.017880	-0.023560	-0.009530
0.000000	0.000000	0.000000	0.000000	0.000000	0.000000	-0.208130	-0.155150	-0.196960	-0.238530	-0.234170	-0.240820	-0.226470	-0.247890	-0.200300	-0.177270	-0.162940	-0.158750	-0.147010	-0.159670	-0.157490	-0.170960	-0.165330	-0.169020	-0.148270	-0.102130	-0.105280	-0.169830	-0.223960	-0.191160	-0.179990	-0.227870
0.000000	0.000000	0.000000	0.000000	0.000000	0.000000	-0.160790	-0.123420	-0.052170	-0.020280	-0.004110	-0.025240	-0.058970	-0.030750	-0.138620	-0.146470	-0.171220	-0.167610	-0.121340	-0.108760	-0.146740	-0.150780	-0.123300	-0.169070	-0.115430	-0.184980	-0.204990	-0.103630	-0.092050	-0.121460	-0.143400	-0.067160
0.000000	0.000000	0.000000	0.000000	0.000000	0.000000	0.037180	-0.077240	0.049360	0.078320	-0.018330	-0.027680	-0.086730	-0.154290	-0.052460	-0.070350	-0.032140	-0.060890	-0.138760	-0.158320	-0.103810	-0.084200	-0.135650	-0.074720	-0.166200	-0.067630	-0.072050	-0.173740	-0.112950	-0.139400	-0.090020	-0.156620
0.000000	0.000000	0.000000	0.000000	0.000000	0.000000	-0.129810	-0.017130	-0.165090	-0.179860	-0.054020	-0.035740	-0.024000	0.006080	-0.010740	0.030930	-0.038120	-0.020540	-0.023230	0.028180	0.002600	-0.036060	0.029920	-0.021360	0.035130	-0.042410	-0.010920	0.032520	-0.009340	0.024410	-0.040150	0.037190
0.000000	0.000000	0.000000	0.000000	0.000000	0.000000	-0.125690	-0.174190	-0.214410	-0.244140	-0.270630	-0.295370	-0.199730	-0.159640	-0.161470	-0.187540	-0.048930	-0.054800	0.001330	-0.070620	-0.093100	-0.064960	-0.104490	-0.110920	-0.064070	-0.079440	-0.102900	-0.088350	-0.124060	-0.157430	-0.148900	-0.146520
0.000000	0.000000	0.000000	0.000000	0.000000	0.000000	-0.034540	-0.106760	0.043550	-0.007280	-0.137840	-0.115400	-0.213580	-0.221500	-0.166570	-0.098790	-0.106750	-0.145460	-0.205770	-0.110570	-0.059040	-0.071880	-0.105600	-0.034730	-0.145340	-0.049690	-0.094060	-0.169690	-0.137130	-0.130240	-0.141590	-0.194550
0.000000	0.000000	0.000000	0.000000	0.000000	0.000000	-0.060350	0.000120	-0.028050	-0.007570	0.037550	0.011290	0.004040	-0.075740	-0.079000	-0.024610	0.036510	0.048290	-0.029280	-0.076170	-0.117200	-0.098240	-0.016640	-0.135960	-0.049260	-0.200850	-0.142110	-0.065840	-0.108310	-0.164010	-0.195300	-0.027760
0.000000	0.000000	0.000000	0.000000	0.000000	0.000000	-0.017540	-0.120620	-0.137020	-0.151210	-0.154180	-0.180250	-0.163290	-0.062350	0.015440	0.002550	0.063870	0.018190	0.043880	0.105000	0.108110	0.083460	0.030860	0.125810	0.111080	0.134910	0.090510	0.065430	0.010670	0.023480	-0.010520	-0.021190
0.000000	0.000000	0.000000	0.000000	0.000000	0.000000	-0.173530	-0.177980	-0.112330	-0.134140	-0.120110	-0.098760	-0.139990	-0.182300	-0.224650	-0.190530	-0.204940	-0.190460	-0.201070	-0.231210	-0.194540	-0.195570	-0.195100	-0.211550	-0.246000	-0.159830	-0.202560	-0.224370	-0.152950	-0.193070	-0.177650	-0.222030
0.000000	0.000000	0.000000	0.000000	0.000000	0.000000	-0.020210	0.089130	-0.047220	-0.036330	-0.014360	-0.043440	0.001920	-0.022870	0.007120	-0.017870	-0.035210	-0.024140	-0.024720	-0.022350	-0.062630	-0.041930	-0.023990	-0.069110	-0.028150	-0.130200	-0.037740	-0.038450	-0.076730	-0.028040	-0.012860	0.026440
0.000000	0.000000	0.000000	0.000000	0.000000	0.000000	-0.113670	-0.194640	-0.087020	-0.104440	-0.094670	-0.110380	-0.061570	-0.028980	-0.100530	-0.140400	-0.138800	-0.136200	-0.096390	-0.072240	-0.052300	-0.116400	-0.125690	-0.063610	-0.070960	-0.020490	-0.063830	-0.053160	-0.056830	-0.026300	-0.039580	-0.109220
0.000000	0.000000	0.000000	0.000000	0.000000	0.000000	6.334760	7.444790	7.663090	7.632600	6.550660	4.576400	1.697260	1.027390	0.439850	0.245180	-0.084290	-0.547470	-0.296040	-0.289300	0.070200	0.008360	-0.643380	-1.062820	-1.682310	-2.581430	-3.348150	-4.030150	-4.376050	-3.860510	-3.078810	-2.444420
0.000000	0.000000	0.000000	0.000000	0.000000	0.000000	-2.442030	-2.477700	-1.869800	-0.916680	0.227520	1.326710	2.188820	2.294990	1.892700	1.196310	0.607090	0.376990	0.182420	0.240270	-0.015100	-0.294800	-0.287260	-0.345380	-0.228810	-0.037750	0.041820	0.062590	0.227520	0.162990	-0.066410	-0.142270
0.000000	0.000000	0.000000	0.000000	0.000000	0.000000	-0.180500	-0.318960	-0.367330	-0.483070	-0.368650	-0.169960	0.320100	0.625640	0.732070	0.718160	0.605210	0.426820	0.108340	-0.069460	-0.080460	0.135780	0.299550	0.210310	-0.135900	-0.275720	-0.404560	-0.687730	-0.926800	-1.003280	-0.769480	-0.425640
0.000000	0.000000	0.000000	0.000000	0.000000	0.000000	1.242500	1.341490	1.170020	1.009620	0.287680	-0.487800	-1.189730	-1.473190	-1.296660	-0.887880	-0.632070	-0.439590	0.095730	0.001170	0.112390	-0.209380	-0.579390	-0.275190	0.120500	0.191960	0.130130	0.503290	0.591470	0.845950	0.704380	0.344940
0.000000	0.000000	0.000000	0.000000	0.000000	0.000000	-0.249200	-0.392050	-0.706220	-1.166700	-1.028390	-0.871980	-1.027340	-0.709750	-0.448610	-0.531900	-0.303960	-0.216670	-0.675520	-0.400120	-0.557830	-0.034370	0.363150	-0.024260	-0.231310	-0.317010	-0.071530	-0.343920	-0.290670	-0.612910	-0.451910	-0.224010
0.000000	0.000000	0.000000	0.000000	0.000000	0.000000	0.134650	0.407790	0.633840	0.874420	0.911800	0.996830	1.208250	0.771160	0.104970	0.117000	0.035890	-0.179550	0.031450	-0.070680	0.272180	-0.044600	-0.143260	-0.091160	-0.005180	0.125420	-0.217400	0.083200	0.120080	0.380900	0.251910	0.200770
0.000000	0.000000	0.000000	0.000000	0.000000	0.000000	-1.221440	-1.499540	-1.225410	-0.716900	-0.181760	0.284890	1.125340	1.615930	2.022840	1.763990	1.091540	0.807560	0.431090	-0.035360	-0.495290	-0.447160	-0.491710	-0.149280	-0.219770	-0.482690	-0.506470	-0.634490	-0.752600	-0.600850	-0.443480	-0.336330
0.000000	0.000000	0.000000	0.000000	0.000000	0.000000	-0.307800	-0.561090	-1.126250	-1.544040	-1.555170	-1.163120	-1.099750	-0.439610	-0.085930	0.194260	0.765460	0.738060	0.394480	0.493130	0.356420	0.609030	0.433610	-0.397290	-0.658080	-0.607090	-0.594490	-0.892620	-0.747440	-0.995500	-0.716120	-0.513690
0.000000	0.000000	0.000000	0.000000	0.000000	0.000000	0.614640	0.657760	0.600230	0.159170	-0.279540	-0.482050	-0.173390	0.005090	-0.100690	-0.146650	-0.374350	-0.433960	-0.463790	-1.046310	-0.953100	-1.135990	-0.787630	-0.331670	-0.243500	-0.551120	-0.842310	0.041720	0.340280	0.964150	0.808570	0.773590
0.000000	0.000000	0.000000	0.000000	0.000000	0.000000	-1.350060	-1.508030	-1.435470	-0.813360	0.164760	1.058300	1.661620	1.815750	1.846460	1.911680	1.599820	0.985750	0.419250	0.528370	0.403700	0.572410	0.264090	-0.088370	-0.375860	-0.502220	-0.803250	-1.315980	-1.301870	-1.214410	-0.875550	-0.602590
0.000000	0.000000	0.000000	0.000000	0.000000	0.000000	0.389360	0.538890	0.448720	0.155750	-0.297820	-0.563780	-0.892680	-0.808410	-0.797500	-0.770060	-0.378110	-0.100660	0.022690	-0.118680	-0.240340	-0.033930	0.028850	-0.036530	0.056340	0.093820	0.186350	0.085810	-0.070040	-0.387660	-0.298410	-0.360610
0.000000	0.000000	0.000000	0.000000	0.000000	0.000000	-0.030000	-0.194970	-0.155240	-0.236870	-0.195850	-0.282180	0.106530	-0.017870	-0.113240	-0.100930	-0.387100	-0.344440	-0.310130	-0.305220	-0.185220	-0.549830	-0.394260	-0.230840	-0.194990	-0.111340	0.101900	0.533040	0.688110	0.952430	0.651900	0.657010
0.000000	0.000000	0.000000	0.000000	0.000000	0.000000	0.015590	0.054850	0.286030	0.595470	0.534060	0.300010	-0.305730	-0.418840	-0.410630	-0.265020	-0.140600	-0.086650	0.147890	0.369760	0.325930	0.422560	0.240500	0.227830	0.277990	0.534590	0.391550	-0.153330	-0.404280	-0.646390	-0.597890	-0.677370
0.000000	0.000000	0.000000	0.000000	0.000000	0.000000	2.382500	1.701780	-1.952820	-4.589360	-5.147960	-3.209480	-1.089790	-1.739670	-1.082650	-0.611800	0.021170	0.284450	-0.291300	-0.256600	0.232680	0.458140	-0.232220	-1.370600	-2.452090	-2.314740	-1.203150	-0.496210	0.194470	0.727910	0.840840	0.906850
0.000000	0.000000	0.000000	0.000000	0.000000	0.000000	-0.773460	0.002990	1.868810	3.611950	3.765890	2.020250	-0.273290	-1.491680	-1.745510	-1.111420	-0.501750	-0.146740	-0.000130	-0.052390	-0.329900	-0.703380	-0.579420	-0.269100	0.518380	0.941050	0.446190	-0.105140	-0.719910	-0.642820	-0.221960	-0.061550
0.000000	0.000000	0.000000	0.000000	0.000000	0.000000	-0.606930	-0.838910	-0.492550	0.090970	0.529360	0.785160	0.621840	0.529930	0.130800	-0.337300	-0.600390	-0.676630	-0.492460	-0.273570	-0.031160	0.387140	0.590630	0.241900	-0.652740	-1.369400	-1.113970	-0.239010	0.513260	0.416590	-0.010790	-0.235620
0.000000	0.000000	0.000000	0.000000	0.000000	0.000000	0.398420	0.081060	-0.752050	-1.426480	-1.762790	-1.449420	-0.949960	-0.587060	0.531310	1.188010	1.267210	0.663080	-0.296220	-0.659150	-0.292830	-0.107710	-0.290460	-0.007020	0.209010	0.848050	0.707550	-0.122670	-0.326940	-0.172020	0.261800	0.346860
0.000000	0.000000	0.000000	0.000000	0.000000	0.000000	0.393290	0.317150	-0.699690	-1.739280	-1.104230	-0.042040	1.564780	1.809080	0.261250	-0.879640	-1.417900	-0.575700	0.697340	1.096490	0.337600	-0.227470	-0.085260	-0.289370	0.064410	-0.568360	-0.412670	0.259770	-0.028720	0.003330	-0.417600	-0.373370
0.000000	0.000000	0.000000	0.000000	0.000000	0.000000	-0.344420	-0.050170	0.917220	1.451630	0.546720	-0.212800	-1.175080	-1.157290	-0.697370	-0.407920	0.296780	0.297110	0.161980	-0.310960	-0.227920	-0.027320	-0.285710	0.024130	-0.178690	0.313770	0.085420	-0.279410	0.022570	0.047360	0.402950	0.185420
0.000000	0.000000	0.000000	0.000000	0.000000	0.000000	-0.427890	-0.339600	0.374750	1.408550	1.905790	1.420460	0.544710	0.023870	0.216500	0.184620	-0.854190	-1.496820	-1.787990	-0.914510	0.194780	0.410100	0.524410	0.158760	-0.347580	-0.601230	-0.635400	-0.387600	0.165270	0.469290	0.475480	0.328530
0.000000	0.000000	0.000000	0.000000	0.000000	0.000000	-0.393990	-0.816890	-1.804560	-1.849350	-0.478860	0.956260	2.441590	1.871720	0.148270	-0.927520	-0.807090	0.358860	1.084210	0.503730	-0.780650	-1.013390	-0.622720	-0.564370	-0.219960	-0.589710	-0.173440	0.316430	-0.061560	-0.138770	-0.439730	-0.317650
0.000000	0.000000	0.000000	0.000000	0.000000	0.000000	0.078440	-0.071650	-0.194350	-0.780870	-1.334750	-0.949220	0.020560	1.442660	1.443010	-0.032270	-1.688870	-2.153880	-0.610800	0.674450	1.361700	0.320890	-0.917310	-0.341590	0.062250	0.962940	0.222230	-0.398310	0.382170	1.106580	1.679610	0.983980
0.000000	0.000000	0.000000	0.000000	0.000000	0.000000	-0.028890	0.388950	0.710850	1.272720	1.766730	1.839930	1.517020	0.083460	-1.164590	-1.226040	-0.772930	0.012850	-0.290770	-0.724390	-0.544810	0.012160	0.510280	-0.191730	-1.022040	-1.430710	-0.966600	-0.140420	0.371540	0.480490	0.322000	0.136840
0.000000	0.000000	0.000000	0.000000	0.000000	0.000000	0.027090	0.037780	-0.325500	-0.743440	-1.213960	-1.170870	-0.448770	0.333310	0.890920	0.506360	0.095030	-0.141820	0.014030	0.239610	-0.215800	-0.178290	-0.100160	0.053290	0.417640	-0.050570	-0.006420	-0.176470	-0.640910	-0.479540	-0.509570	-0.160180
0.000000	0.000000	0.000000	0.000000	0.000000	0.000000	-0.513200	-0.804790	-0.161770	0.349420	0.569690	0.489160	-0.368290	-0.369450	-0.428660	-0.170710	0.018440	-0.100760	-0.031740	-0.138260	0.147870	-0.214910	-0.327210	0.022390	0.077590	0.714800	0.350750	0.289080	0.500470	0.106130	0.070350	-0.263800
0.000000	0.000000	0.000000	0.000000	0.000000	0.000000	0.324090	0.472520	0.200580	0.134120	-0.154310	-0.555420	-0.965060	-1.269380	-0.328550	0.773350	1.376660	0.836870	-0.385880	-0.869850	-0.643280	0.383450	0.781400	0.259280	-0.318610	-0.733920	-0.275980	-0.226500	-0.517350	-0.785290	-0.822760	-0.389420
