3.210750	3.043460	3.133260	3.061560	3.014680	3.137750	3.051180	3.048470	3.118720	2.991640	3.079510	3.126670	3.065210	3.091110	3.113460	3.077510	3.179090	3.363150	3.454410	3.515800	3.477870	3.689850	4.028350	4.131910	4.218810	4.111300	4.179630	4.182890	4.196820	4.199910	4.177040	4.159300	4.133200	4.188620	4.149240	4.114290	4.015180	3.971570	3.833470	3.755120	3.583420	3.742910	3.708410	3.718170	3.663410	3.639020	3.527650	3.539420	3.524700	3.417920	3.322530	3.351240	3.286570	3.308230	3.263760	3.164950	3.201940	3.259340	3.244920	3.256280
-0.081640	-0.050080	-0.139070	-0.028160	0.000720	-0.070990	-0.041240	-0.042060	-0.043890	-0.049420	-0.080920	-0.068800	-0.051690	-0.038310	-0.109970	-0.076790	-0.117140	-0.225890	-0.319050	-0.346110	-0.292190	0.013530	-0.122410	-0.109380	-0.101840	0.014620	-0.050550	-0.058350	-0.057480	-0.047170	-0.036050	-0.025010	-0.012750	-0.079680	-0.047400	-0.036450	0.012630	-0.001910	0.007500	-0.082370	-0.100940	-0.110360	-0.129250	-0.127330	-0.092160	-0.101290	-0.045610	-0.113260	-0.120170	-0.065470	-0.031700	-0.126560	-0.076100	-0.156350	-0.112970	-0.069640	-0.136890	-0.106180	-0.101990	-0.085330
-0.200540	-0.297680	-0.225630	-0.280380	-0.302050	-0.239410	-0.239540	-0.277390	-0.277780	-0.286210	-0.246530	-0.232310	-0.277630	-0.298910	-0.234460	-0.321410	-0.287850	-0.265430	-0.255210	-0.287400	-0.301180	-0.253620	-0.174600	-0.159910	-0.172740	-0.318870	-0.226200	-0.224450	-0.209240	-0.203090	-0.212870	-0.223960	-0.223980	-0.136110	-0.151760	-0.170100	-0.231590	-0.250280	-0.252280	-0.201550	-0.270410	-0.292490	-0.276610	-0.271520	-0.254900	-0.306830	-0.311110	-0.251660	-0.248200	-0.299560	-0.308160	-0.246070	-0.286340	-0.255900	-0.239380	-0.278850	-0.247680	-0.270800	-0.226010	-0.237110
-0.240270	-0.154800	-0.165750	-0.167510	-0.169440	-0.174800	-0.213530	-0.170980	-0.125120	-0.161730	-0.135750	-0.159880	-0.128240	-0.093840	-0.147360	-0.113050	-0.072480	-0.119370	-0.072020	-0.056510	-0.025420	-0.205690	-0.149550	-0.152410	-0.131880	0.018420	-0.079910	-0.085250	-0.097670	-0.112560	-0.104610	-0.104090	-0.109450	-0.211950	-0.247310	-0.211360	-0.168480	-0.138550	-0.165360	-0.148510	-0.102250	-0.064940	-0.099290	-0.091970	-0.145960	-0.044730	-0.088380	-0.122040	-0.105860	-0.083080	-0.123100	-0.139730	-0.107690	-0.086880	-0.138880	-0.148600	-0.134040	-0.085050	-0.159190	-0.170620
-0.032670	-0.017480	-0.016170	-0.033360	-0.012540	-0.085800	-0.016080	-0.037320	-0.133230	-0.034540	-0.129020	-0.135820	-0.102160	-0.120530	-0.071570	-0.003240	-0.101920	0.072590	0.032050	0.061700	-0.039880	-0.094610	-0.184680	-0.211980	-0.231040	-0.354880	-0.275590	-0.262140	-0.264100	-0.272500	-0.285380	-0.278250	-0.293570	-0.191090	-0.115030	-0.168640	-0.183710	-0.178700	-0.120020	-0.171360	-0.068600	-0.066550	-0.046630	-0.075500	-0.027660	-0.120210	-0.061390	-0.055370	-0.099740	-0.094040	-0.009840	-0.000970	-0.049710	-0.071950	-0.061580	-0.039630	-0.047390	-0.124020	-0.077850	-0.062760
-0.147150	-0.181970	-0.215380	-0.166820	-0.202990	-0.145600	-0.194600	-0.168010	-0.114530	-0.202220	-0.089390	-0.100290	-0.174270	-0.200910	-0.169270	-0.227520	-0.195180	-0.355680	-0.271460	-0.304910	-0.146850	-0.143410	-0.071870	-0.061100	-0.047300	0.010660	-0.029010	-0.027000	-0.027990	0.009620	0.026620	0.025410	0.067200	0.007690	-0.046570	-0.014150	-0.028210	-0.069940	-0.141660	-0.113570	-0.196000	-0.238020	-0.166960	-0.154040	-0.179870	-0.167320	-0.199400	-0.181160	-0.143210	-0.145840	-0.235900	-0.255770	-0.217590	-0.217660	-0.183470	-0.128330	-0.177520	-0.089020	-0.075550	-0.099750
-0.203080	-0.183230	-0.095350	-0.193350	-0.142000	-0.178670	-0.137230	-0.195350	-0.195750	-0.137940	-0.241640	-0.215280	-0.143210	-0.064440	-0.183120	-0.187010	-0.140210	-0.146700	-0.262330	-0.224980	-0.367830	-0.137350	-0.129240	-0.087270	-0.083180	-0.033640	-0.030790	-0.048560	-0.027990	-0.054760	-0.069800	-0.075270	-0.123270	-0.139220	-0.176660	-0.157260	-0.115530	-0.092500	-0.068220	-0.086760	-0.121650	-0.033270	-0.188070	-0.181310	-0.130920	-0.108410	-0.111980	-0.110290	-0.134710	-0.127060	-0.099350	-0.073420	-0.090340	-0.095590	-0.110980	-0.288990	-0.142920	-0.223720	-0.275180	-0.275980
-0.119050	-0.100730	-0.119810	-0.027690	-0.104580	-0.104040	-0.121210	-0.048390	-0.032330	-0.108450	0.043580	0.012340	-0.062610	-0.163130	0.016500	0.012460	-0.092060	-0.031200	0.046530	-0.093490	0.081770	-0.182270	-0.097340	-0.098060	-0.094830	-0.205350	-0.174710	-0.166300	-0.176710	-0.188190	-0.184780	-0.192130	-0.172190	-0.085870	0.024940	-0.044080	-0.125210	-0.120170	-0.097820	-0.103100	-0.058800	-0.107910	0.027540	0.008390	-0.030850	-0.128460	0.009890	-0.032790	-0.060190	-0.047180	-0.031230	-0.009560	-0.095850	-0.103280	-0.109930	0.072580	-0.101480	0.010940	0.056900	0.035620
-0.283570	-0.177010	-0.155900	-0.251730	-0.179380	-0.192210	-0.174520	-0.284130	-0.335860	-0.225020	-0.354000	-0.419780	-0.375490	-0.194110	-0.329870	-0.204320	-0.205020	-0.219830	-0.207440	-0.114750	-0.230240	-0.261720	-0.337840	-0.365580	-0.347880	-0.190460	-0.234390	-0.219480	-0.226000	-0.195950	-0.190250	-0.156060	-0.137300	-0.228680	-0.348640	-0.310230	-0.232150	-0.248290	-0.311630	-0.354980	-0.174970	-0.146610	-0.201780	-0.213840	-0.143620	-0.131040	-0.225210	-0.156660	-0.144450	-0.127130	-0.187320	-0.209820	-0.126320	-0.168950	-0.098020	-0.275590	-0.075970	-0.229790	-0.180600	-0.227050
-0.105690	-0.136720	-0.062320	-0.120710	-0.139160	-0.207080	-0.142530	-0.078450	-0.028640	-0.087790	0.009060	0.044590	0.003960	-0.156010	-0.033800	-0.114450	-0.164310	-0.203820	-0.194110	-0.207050	-0.132680	-0.107690	0.039790	0.091180	0.101450	0.002010	0.083280	0.077240	0.091120	0.094360	0.084420	0.045920	-0.002730	0.058790	0.090410	0.089980	0.060630	0.020560	0.039870	0.059490	-0.162490	-0.076170	-0.088600	-0.112540	-0.097960	-0.155110	-0.039570	-0.088470	-0.106560	-0.119420	-0.119790	-0.023230	-0.177680	-0.115890	-0.174120	-0.128830	-0.166580	-0.042530	-0.170700	-0.146430
-0.171960	-0.142090	-0.189610	-0.084320	-0.139410	-0.081860	-0.171420	-0.134790	-0.147700	-0.124710	-0.171650	-0.176520	-0.184370	-0.090180	-0.135000	-0.104470	-0.130410	-0.116150	-0.101800	-0.180920	-0.122700	-0.197680	-0.169370	-0.159540	-0.175010	-0.115420	-0.216960	-0.229640	-0.228750	-0.262020	-0.258330	-0.240600	-0.196880	-0.197460	-0.144870	-0.173820	-0.236850	-0.169980	-0.157800	-0.179320	-0.055190	-0.128850	-0.043000	-0.029640	-0.085030	-0.082600	-0.101690	-0.052940	-0.093990	-0.044840	-0.039640	-0.112670	-0.052960	-0.144930	-0.099780	-0.069080	-0.115180	-0.170310	-0.035530	-0.103230
-0.009180	-0.049040	-0.022680	-0.097120	-0.034200	-0.045300	0.023930	-0.083850	-0.103230	-0.112070	-0.093000	-0.116780	-0.067480	-0.072800	-0.086260	-0.104040	-0.007340	-0.044950	-0.105300	-0.031030	-0.123380	0.024320	-0.131500	-0.163200	-0.143700	-0.167910	-0.083510	-0.065560	-0.068860	-0.038490	-0.038230	-0.032690	-0.048480	-0.075700	-0.151960	-0.138620	-0.044240	-0.090950	-0.110810	-0.115710	-0.096010	-0.085350	-0.194550	-0.189660	-0.121300	-0.114900	-0.116940	-0.165030	-0.113020	-0.162750	-0.148690	-0.129340	-0.108380	-0.040620	-0.052220	-0.119200	-0.060810	-0.059780	-0.117120	-0.058830
-0.044980	-0.166530	-0.187700	-0.109190	-0.119010	-0.173320	-0.211860	-0.073540	-0.054900	-0.059320	-0.071870	-0.025580	-0.032980	-0.071410	-0.057320	-0.052190	-0.132850	-0.058980	-0.013070	-0.162980	-0.039730	-0.119650	-0.021440	-0.026810	-0.053020	-0.075560	-0.122280	-0.121550	-0.125600	-0.118690	-0.120890	-0.140940	-0.144670	-0.123470	-0.063170	-0.044600	-0.121650	-0.139070	-0.140180	-0.044610	-0.162170	-0.130650	-0.001850	-0.047980	-0.146000	-0.076930	-0.090410	-0.065830	-0.097610	-0.107510	-0.088560	-0.086790	-0.159920	-0.181350	-0.233940	-0.068010	-0.228790	-0.066450	-0.114480	-0.099280
-1.639900	-1.341850	-1.317070	-1.143590	-0.526820	-0.326330	-0.391720	0.144490	0.082960	-0.113030	0.319300	0.199280	0.445700	1.648970	2.337450	3.248090	3.806510	4.554320	6.161000	7.356450	7.701270	6.982680	6.525530	5.721240	4.551130	2.522700	0.740620	0.092890	-0.272370	0.017260	-0.358010	-0.569330	-1.095450	-1.558670	-2.333550	-3.169800	-4.359630	-4.466090	-4.043160	-3.297900	-2.515360	-1.875040	-1.522110	-1.368620	-1.371770	-2.430130	-2.907040	-3.021270	-2.988180	-2.710660	-2.377810	-2.621770	-2.296200	-1.477200	-0.984430	-0.750150	-0.306100	-0.090400	0.263880	0.447760
0.320850	0.253470	0.294460	0.291740	0.242150	0.132670	0.022770	-0.452770	-0.375560	-0.076880	-0.384390	-0.371460	-0.488500	-0.974570	-1.678940	-2.379390	-2.538380	-1.165550	-0.334830	0.273800	1.077920	2.171190	2.328220	1.812910	0.905120	0.019540	0.462050	0.318550	0.191870	-0.261430	-0.025490	-0.009630	0.149510	0.183800	0.251780	-0.038860	-0.302270	-0.466080	-0.942490	-1.200290	-1.182710	-0.900470	-0.354390	0.011920	0.021930	0.195690	0.422000	0.095760	-0.021740	-0.335620	-0.457420	-0.115800	-0.357460	-0.487160	-0.340620	0.077940	0.075850	0.284800	0.101730	0.064530
-0.878650	-0.730540	-0.544110	-0.470050	-0.320730	-0.127880	-0.176320	0.141240	0.010420	-0.316590	-0.075730	-0.188310	-0.274040	-0.261590	-0.262770	-0.225300	-0.130980	-0.004120	0.308410	0.877650	0.886280	0.329490	0.286490	0.262350	0.107340	-0.170110	-0.346960	-0.213840	0.042000	0.649240	0.426630	0.426900	0.133880	-0.150730	-0.371530	-0.389120	-0.748970	-1.150780	-0.981240	-0.729080	-0.382350	-0.465980	-0.584920	-0.415260	0.021250	-0.045310	-0.227530	-0.066290	-0.071250	0.143480	0.165660	-0.058880	0.106200	0.192160	0.223040	0.092960	0.202330	0.101340	0.103330	0.169170
0.650370	0.608640	0.346560	0.227930	0.223430	-0.042610	0.144050	0.160390	0.288590	0.505520	0.405940	0.222550	0.313700	0.348060	0.383040	0.520220	0.581860	-0.053810	-0.215470	-0.600480	-0.726750	-0.030090	-0.052120	0.101740	0.296690	0.628700	0.178300	-0.090380	-0.440290	-1.140510	-1.150550	-1.242730	-1.058670	-0.733750	-0.549610	-0.205540	0.370050	1.066270	1.068060	0.809720	0.359790	0.463780	0.419040	0.055470	-0.202440	-0.180600	-0.151420	-0.302400	-0.248130	-0.364880	-0.242550	-0.283220	-0.373730	-0.175380	-0.180510	-0.355320	-0.565780	-0.585140	-0.437520	-0.466160
0.040910	-0.222730	-0.154390	-0.187590	-0.599780	-0.516650	-0.733630	-0.859670	-0.817400	-0.675690	-0.596470	0.090450	0.263600	0.719900	1.301630	1.462950	0.993180	0.376860	-0.699130	-1.575390	-2.045790	-3.277180	-3.065800	-2.655140	-1.809890	-1.180410	-0.643470	-0.337590	-0.135900	0.461970	0.704910	0.890040	0.975200	0.992170	1.116460	0.818510	0.853250	0.609960	0.731730	0.973810	1.099670	0.639000	0.375160	0.311480	-0.251000	-0.348530	-0.073540	0.279810	0.248170	0.341000	0.056850	0.095980	0.112380	-0.407520	-0.689980	-0.507250	-0.227280	-0.129210	-0.129310	-0.086740
-0.539440	-0.354680	-0.367480	-0.226440	0.149380	0.141830	0.466510	0.487990	0.341250	-0.085420	-0.100700	-0.570300	-0.744660	-1.266420	-1.648600	-1.531210	-0.620580	-0.019530	0.703630	1.499030	1.950190	2.614700	2.112180	1.712120	0.896400	0.744510	0.521370	0.481060	0.564450	0.350470	0.154270	-0.053380	-0.322110	-0.761500	-1.257710	-1.405260	-1.748360	-1.829210	-1.618150	-1.452040	-1.119730	-0.641820	-0.361740	-0.237830	0.217810	0.280450	-0.277420	-0.561610	-0.539630	-0.583570	-0.390190	-0.120490	-0.027470	0.605670	1.225340	1.227650	0.994440	0.796130	0.479630	0.216190
0.423040	0.322290	0.362900	0.105160	-0.161890	-0.205040	-0.628860	-0.449430	-0.351830	0.267460	0.151120	0.230930	0.257070	0.200110	-0.079350	-0.603530	-1.583950	-1.129560	-0.254770	0.259280	0.674440	1.417920	2.033770	1.884500	1.790470	0.678130	0.345000	-0.037010	-0.455190	-0.880700	-1.152230	-1.188910	-1.021050	-0.591260	-0.133710	0.187970	0.359710	0.691340	0.234070	-0.334510	-0.599940	-0.592980	-0.492280	-0.243970	-0.143980	-0.139860	0.422410	0.380480	0.190020	0.139510	0.104690	-0.657420	-0.649800	-1.054900	-1.538510	-1.738690	-1.632600	-1.408570	-1.025140	-0.538260
0.262990	0.199630	0.052570	0.198990	0.338980	0.087760	0.525740	0.599000	0.700860	0.051100	0.181140	0.088640	-0.191560	-0.104350	-0.087920	-0.026370	0.717110	-0.039820	-0.840000	-0.810620	-0.673960	-1.394730	-1.575340	-1.190110	-1.333820	-0.563880	-0.830610	-0.699570	-0.397560	0.339990	0.959250	1.225310	1.078280	0.858290	0.613740	0.274740	-0.005500	-0.515820	-0.116940	0.645970	0.923290	0.391340	0.441270	0.302080	-0.038100	-0.147670	-0.450640	-0.066260	-0.085710	-0.226880	-0.810230	0.009730	-0.142720	0.086230	0.492960	0.790210	1.128960	0.991070	0.684530	0.205860
0.788470	0.783640	0.758210	0.185290	-0.594000	-0.877630	-1.202950	-1.508810	-1.852790	-0.985720	-0.711130	0.291750	0.773620	0.858480	1.431080	1.711950	0.962700	0.119420	-0.235160	-1.235810	-1.502200	-0.998860	-0.759830	-0.384640	0.439960	0.918520	1.228200	1.222600	0.971540	0.215210	-0.353060	-0.829200	-0.842590	-0.940460	-1.119200	-1.327140	-0.479360	0.594560	1.000240	0.730980	0.799810	1.142740	0.927210	0.646070	0.042070	0.196870	0.204870	-0.112230	-0.147600	-0.089910	0.339690	-0.444810	-0.037740	-0.265570	-0.124720	-0.417130	-0.782310	-0.712750	-0.755620	-0.385750
-0.208920	-0.578330	-0.588160	-0.304850	0.150440	0.292110	0.648210	1.372610	1.535640	0.841790	0.314070	-0.386780	-0.994780	-1.425900	-1.938760	-1.912730	-1.195460	-0.404100	0.288950	1.602820	2.429550	2.393280	2.318220	1.980430	1.362120	0.830420	0.156890	-0.125330	-0.351390	-0.186030	-0.348760	-0.195220	-0.195990	-0.271020	-0.182080	-0.009820	-0.893130	-1.466050	-1.707630	-1.739470	-1.512140	-1.472210	-0.954750	-0.476170	0.156520	-0.206090	-0.181700	0.210400	-0.200350	-0.225920	-0.752220	-0.500710	-0.555410	-0.126240	-0.338030	-0.403360	0.040750	-0.164160	-0.091380	-0.279190
0.301910	0.529900	0.309550	0.235170	0.071990	-0.023470	-0.204630	-0.613250	-0.539930	-0.265270	0.068630	0.129980	0.203770	0.265650	0.468360	0.096960	-0.056580	-0.603140	-0.552220	-0.606850	-0.546190	-0.306360	-0.416380	-0.404530	-0.656910	-0.703400	-0.970710	-0.964950	-0.663890	-0.405150	0.384300	0.579740	0.416510	0.532410	0.471940	0.239620	0.513410	0.525780	0.810600	1.257340	1.222590	0.793600	0.468360	0.330740	-0.183510	0.034100	-0.106140	-0.198470	0.084490	-0.254010	-0.339890	-0.381210	-0.395790	-0.773910	-0.290810	-0.061860	-0.134450	0.082050	-0.110990	-0.120030
-0.516530	-0.494710	-0.159800	-0.289160	-0.421360	-0.494830	-0.588500	-0.601520	-0.695410	-0.525620	-0.426590	-0.011540	0.379350	0.446410	0.169600	0.278450	-0.163020	0.239440	-0.099780	-0.574390	-0.983000	-0.965260	-0.637400	-0.500940	-0.046070	0.106360	0.913490	1.026180	0.818440	0.484560	-0.343400	-0.711950	-0.558110	-0.628980	-0.605330	-0.527630	-0.265950	0.022760	-0.224580	-0.714850	-0.827240	-0.459450	-0.262740	-0.331710	-0.162880	-0.097160	0.144850	-0.018380	-0.138600	0.272780	0.589060	0.564530	0.535370	0.666180	0.265750	0.123150	-0.012550	-0.113990	0.073830	0.221850
-0.981500	-1.092360	-1.229010	-0.645500	0.041080	0.719930	0.755160	0.775050	0.995780	0.937490	0.616370	0.007120	-0.392830	-0.344850	-0.131240	-0.626300	-0.305770	-0.327750	-0.062380	0.201970	0.356650	0.018700	-0.194080	-0.111070	-0.685340	-0.653110	-0.950320	-0.835470	-0.642850	-0.378640	0.084510	0.375980	0.285220	0.104630	-0.032390	0.223320	-0.167710	-0.430040	-0.085230	0.254940	0.280750	0.298970	0.131420	0.007990	0.160890	-0.260590	-0.503310	-0.137050	-0.209040	-0.744880	-1.110360	-0.722520	-0.877290	-0.378650	-0.152780	0.235590	0.643540	0.698320	0.585290	0.127250
-0.242850	0.647080	0.828770	0.972690	0.840210	-0.468410	-0.145180	0.009070	0.074600	0.761100	0.046690	-0.416000	0.051820	0.946240	2.444460	3.071580	1.528480	-0.168850	0.147910	1.747520	3.367570	1.229280	-2.915010	-5.167540	-4.848950	-2.017940	-0.494360	-0.361080	-0.738130	-0.787130	-0.161390	0.041850	-0.378290	-1.373330	-2.075900	-2.201810	-1.956870	-0.669870	1.130770	2.634190	3.103130	1.220940	-0.746340	-1.750370	-1.350710	-0.406800	-0.219780	-0.411060	-0.550970	0.282710	0.979850	0.662960	0.234970	-0.046310	0.584510	1.525480	1.135750	0.292820	-0.409080	-0.626900
0.587030	0.546800	0.434990	-0.358210	-0.747440	-0.413880	-0.454580	-0.153610	-0.166120	-0.012100	0.174400	-0.045900	-0.480260	-1.095110	-1.473120	-1.816170	-1.045780	1.787320	3.800860	3.904980	1.507900	-1.546820	-1.676600	-1.055570	-0.439270	-0.644310	-0.824700	-0.191750	0.324670	0.163320	-0.450680	-0.566050	-0.136850	0.600150	0.630830	-0.114240	-1.201540	-1.619580	-1.205890	-0.122130	0.737820	0.977520	1.077360	0.492770	-0.203510	-0.463430	-0.398800	0.032250	0.169180	-0.580750	-0.909690	-0.274950	0.093550	0.676900	0.269230	-0.212370	0.159020	0.016650	0.114940	-0.041700
-0.200060	0.250660	0.460030	0.619660	0.335200	-0.432270	-0.358000	-0.013270	0.254840	0.142010	-0.302920	-0.695280	-0.358620	0.053800	0.176640	0.443020	-0.010020	-0.220660	0.152310	0.719700	1.116630	-0.142730	-1.510290	-1.826750	-0.798060	0.952110	0.965690	0.300670	-0.480430	-0.435520	0.363750	0.539830	-0.026310	-1.206930	-1.556340	-0.844830	0.179330	0.577670	0.178440	-0.321550	0.032500	0.297040	0.124040	0.017240	-0.062150	0.255910	0.132740	-0.260880	-0.394640	-0.003100	0.411670	0.125090	-0.059200	-0.453590	-0.291140	0.142170	0.058390	0.122980	-0.091700	-0.182090
-0.311360	-0.747750	-1.024230	-0.859680	-0.166070	0.426070	0.615150	0.111780	-0.382440	-0.197530	-0.198020	0.087450	0.038980	-0.275130	0.066590	0.044190	0.133190	-0.372910	-1.222500	-1.405820	-0.908830	1.242700	1.924750	1.388460	-0.116540	-1.922360	-1.325470	-0.589090	0.189640	0.128070	-0.877800	-1.079430	-0.439280	1.048490	1.752140	1.230840	0.297420	-0.230500	-0.046230	-0.018110	-0.653940	-0.849060	-0.501340	-0.139490	0.152570	-0.327800	-0.376400	-0.219170	-0.170540	0.088390	0.078150	0.003180	-0.250730	-0.220070	-0.025030	0.011060	-0.252080	-0.649570	-0.610140	-0.336350
-0.166450	-0.471980	-0.434840	-0.215600	-0.398820	0.010350	-0.430570	-0.478580	0.043640	-0.162740	0.668490	1.060640	0.668930	0.903900	0.280250	0.015820	-0.186990	-1.780290	-2.501840	-2.700850	-1.597280	-0.316670	0.569720	1.183860	1.388900	1.751890	0.824860	0.040360	-0.498130	-0.163710	1.037990	1.309260	0.771000	-0.668540	-1.423170	-1.026900	0.007240	0.811120	0.675000	0.239150	-0.477060	-0.992600	-1.039480	-0.647240	-0.295370	0.113830	0.199030	0.442330	0.643840	0.023560	-0.757950	-1.029120	-0.491570	-0.062820	0.028570	-0.214670	-0.085360	0.516820	0.637640	0.449960
0.127450	0.501830	0.575070	0.300740	0.337230	-0.230580	0.101960	0.245040	-0.236200	-0.377750	-1.201750	-1.148610	-0.354680	-0.400170	-0.316040	-0.313010	0.450370	2.163380	2.480840	1.914780	0.195650	-0.797860	-1.122020	-1.161900	-0.892900	-0.909860	-0.192460	0.207150	0.485250	0.048090	-0.832580	-1.160860	-1.153170	-0.481600	-0.193430	-0.357750	-0.594110	-0.726120	-0.022160	0.639160	1.243700	1.243520	0.288440	-0.323920	-0.401510	-0.006780	0.168140	-0.519160	-1.063170	-0.755740	0.392120	1.377750	1.184920	0.717840	0.112740	-0.259900	-0.239190	-0.813830	-0.892080	-0.685750
-0.440430	-0.754700	-0.859220	-0.519660	-0.519900	-0.019940	-0.228260	-0.285980	0.109450	0.538370	1.083920	0.359090	-0.603160	-1.204220	-0.995900	-0.516710	-0.996150	-0.431560	0.969340	2.225750	2.820830	0.860330	-0.552860	-1.223010	-1.257230	-0.826630	-0.924460	-0.715450	-0.754570	-0.578490	-0.599850	-0.396670	0.336270	0.943240	1.404760	1.009770	-0.059920	-0.552940	-1.144650	-1.153040	-0.726420	-0.382470	0.899140	1.138850	0.482580	-0.254080	-0.739920	-0.171530	0.387050	0.312040	-0.230810	-1.395320	-1.491280	-1.059100	-0.357540	0.640700	0.056480	0.224700	0.230740	0.129140
0.249770	-0.016970	-0.451020	-0.746880	0.043980	0.336500	0.749770	0.494520	-0.248260	-0.886350	-1.497150	-0.611720	0.322110	1.002320	0.482250	-0.491450	0.022990	-0.661140	-1.065190	-0.977540	-1.115910	0.468270	0.287870	-0.134980	0.030160	0.203530	0.602920	0.310150	0.081740	0.331180	1.326740	1.540830	0.451580	-1.347710	-2.492440	-1.710880	0.070620	0.950310	1.203510	0.810250	0.204710	-0.485500	-1.330740	-1.132060	-0.298350	0.507270	0.199320	0.014710	-0.244130	-0.561360	-0.646910	-0.153600	0.637870	1.157430	1.047250	-0.109760	0.030430	-0.476540	-0.630080	-0.469390
-0.712760	-1.145560	-1.010280	-0.699790	-1.168960	-0.859080	-0.897010	-0.439700	0.113490	0.474650	1.391590	1.994150	1.559950	0.037210	-0.578010	-0.786710	-0.534610	-0.620470	-1.643340	-2.120160	-1.375960	0.461020	2.235550	2.665290	1.295200	-0.523160	-1.034450	-0.674930	0.084480	-0.000090	-1.263200	-2.056930	-1.569990	0.211910	1.561870	1.022860	0.225840	0.311480	1.007500	1.183550	-0.194700	-1.019850	-1.036250	-0.490730	-0.187790	-0.150370	0.108800	-0.317070	-0.361810	-0.459900	0.269160	0.272050	-0.085390	-0.465160	-0.759820	-0.007770	-0.580580	-0.148440	0.037640	0.105870
-0.341430	-0.738980	-0.921700	-0.146040	1.014100	1.650730	1.266880	0.263790	-0.458490	-1.170030	-1.671560	-1.849080	-1.285290	-0.263530	-0.203280	0.080970	0.635420	1.343910	2.337320	2.389330	1.643770	0.068980	-1.712400	-2.385130	-1.638060	-0.206050	0.196040	-0.167490	-0.929130	-1.043030	-0.163860	0.676500	1.042080	0.151510	-0.763920	-0.940240	-1.191820	-0.901810	-0.844140	-0.448000	1.039870	0.856730	0.913440	0.630510	0.101560	0.251520	-0.681600	-0.305140	-0.163910	-0.050900	-0.273670	-0.890800	-0.131970	0.534940	0.865020	0.334830	-0.424960	-0.918020	-0.783310	-0.494140
0.333900	0.394710	0.015790	-0.750970	-0.774120	-0.659370	-0.073210	0.044490	-0.242420	0.016150	0.378050	0.800740	0.488870	-0.359200	-0.536450	-0.760150	-0.448600	-0.462970	-0.558640	0.052430	0.060020	0.685320	0.278710	-0.426830	-0.737260	-1.184110	-0.336660	0.282150	0.781460	1.105600	0.926630	0.573300	-0.373670	-0.867260	-0.892480	-0.286520	0.839870	0.733980	0.635190	0.327280	-0.587980	-0.595050	-1.247580	-1.045160	-0.255030	0.161820	0.665750	0.030920	-0.229170	-0.797180	-0.803600	-0.041530	0.042500	0.312860	0.167330	-0.067930	0.270910	0.243240	0.047770	-0.000010
-0.270750	0.008650	0.523410	0.705490	-0.154040	-0.920710	-1.245360	-0.451810	0.606080	0.972580	0.713030	0.029600	-0.138550	0.006970	-0.030740	-0.071060	-0.786740	-0.353250	-0.049480	-0.505690	-0.498660	-1.351130	-0.033330	1.289510	1.526730	1.415310	-0.014980	-0.538290	-0.673750	-0.873140	-1.043050	-1.226260	-0.518450	0.454070	1.107690	0.687810	-0.331460	-0.446410	-0.573110	-0.545930	-0.411410	-0.127310	0.908990	0.899230	0.196370	-0.561110	-0.813500	-0.149160	0.194250	0.770810	0.848810	0.234620	-0.346130	-1.013810	-0.913150	-0.196680	0.002290	0.203720	0.171110	-0.038970
0.682610	1.154680	0.829570	0.391750	0.475060	0.914390	1.133970	0.181360	-0.692590	-1.042780	-0.771740	-0.493030	-0.694250	-0.380380	0.137960	0.127940	0.388620	-0.279840	-0.242170	0.643480	0.320890	0.363070	-0.873810	-1.501150	-0.915860	-0.318790	0.595510	0.560290	0.231210	-0.039320	0.169560	0.724110	0.592380	-0.206430	-1.212470	-1.044690	-0.237650	0.345230	0.805950	0.435770	0.276190	-0.224480	-1.069420	-0.674190	-0.043460	0.164820	0.162110	-0.337160	-0.473770	-0.453000	-0.966590	-0.374340	0.255810	1.183180	1.437310	0.355630	0.232270	-0.670910	-0.769940	-0.566930
