3.326200	3.409680	3.413060	3.571550	3.673500	3.644860	3.651500	3.645090	3.509570	3.518810	3.448410	3.435530	3.451430	3.437440	3.516500	3.635420	3.640190	3.530200	3.395090	3.362380	3.509520	3.438770	3.362390	3.374440	3.362840	3.781330	3.960760	3.988650	4.003630	4.119370	4.147420	4.067110	4.143440	4.029080	3.954990	3.576690	3.511650	3.551690	3.486170	3.413280	3.360230	3.272860	3.274210	3.239900	3.294050	3.235330	3.193480	3.235280	3.232210	3.200900	3.227710	3.261140
-0.007300	0.025360	-0.011600	0.014560	-0.036790	0.006690	-0.001020	-0.033400	0.015550	-0.019310	0.052570	-0.004170	-0.009740	-0.043040	-0.023440	-0.059810	-0.078440	-0.015260	0.027600	0.013860	-0.111370	-0.064860	-0.079450	0.003060	-0.062540	-0.267650	-0.135850	-0.015170	0.015170	-0.022170	-0.031110	0.006430	-0.052250	-0.012120	0.023130	0.013010	-0.000310	-0.032860	0.019980	0.008250	0.029350	0.031390	0.022140	-0.029460	-0.025260	-0.009860	-0.004400	0.018830	-0.033070	0.016350	0.012010	0.026150
-0.286270	-0.240850	-0.252880	-0.258570	-0.169880	-0.222530	-0.175490	-0.164580	-0.170280	-0.195000	-0.261420	-0.232780	-0.239400	-0.233200	-0.224680	-0.201960	-0.208270	-0.246740	-0.268350	-0.230020	-0.193020	-0.204690	-0.178850	-0.233490	-0.255250	-0.232030	-0.275630	-0.237740	-0.249390	-0.250680	-0.221170	-0.256700	-0.206930	-0.193900	-0.220480	-0.237700	-0.207580	-0.177780	-0.304690	-0.234870	-0.209560	-0.237910	-0.262180	-0.210610	-0.199720	-0.243220	-0.269570	-0.252670	-0.241390	-0.230030	-0.256370	-0.231280
-0.058580	-0.154510	-0.118600	-0.123180	-0.239650	-0.170870	-0.263670	-0.228070	-0.279040	-0.197220	-0.175210	-0.180650	-0.157290	-0.145460	-0.179100	-0.151490	-0.196840	-0.095640	-0.134760	-0.199320	-0.164400	-0.188330	-0.174940	-0.146930	-0.091700	-0.103580	-0.093020	-0.210090	-0.170130	-0.145290	-0.165760	-0.125120	-0.141960	-0.218620	-0.178770	-0.135060	-0.189680	-0.200080	-0.050290	-0.173220	-0.234990	-0.210420	-0.125470	-0.169810	-0.204440	-0.157820	-0.123330	-0.136990	-0.151060	-0.222740	-0.149150	-0.208450
-0.240000	-0.190170	-0.170240	-0.174870	-0.069480	-0.156530	-0.036550	-0.110490	-0.036820	-0.110950	-0.095510	-0.085390	-0.119170	-0.138280	-0.080780	-0.129200	0.005300	-0.213680	-0.119880	-0.066550	-0.041300	-0.040680	-0.123120	-0.162570	-0.165870	0.046420	-0.076700	-0.028860	-0.088010	-0.085370	-0.098990	-0.156870	-0.143510	-0.068130	-0.157400	-0.223450	-0.136290	-0.121690	-0.215440	-0.115140	-0.054250	-0.050150	-0.157210	-0.141260	-0.070590	-0.103330	-0.118880	-0.154390	-0.081820	-0.042170	-0.109010	-0.055250
0.026050	0.047960	-0.027950	-0.035490	-0.094370	0.010030	-0.096850	-0.004580	-0.093380	-0.053850	-0.072170	-0.077500	-0.063840	-0.029590	-0.107530	-0.102480	-0.180530	-0.010480	-0.108880	-0.092330	-0.191730	-0.178900	-0.059720	-0.039310	-0.020820	-0.207130	-0.142370	-0.150960	-0.113820	-0.113970	-0.076250	-0.016940	-0.089860	-0.120980	0.000140	0.053820	-0.037380	-0.061540	-0.081830	-0.081130	-0.107450	-0.084660	-0.057600	0.024840	-0.093970	-0.078210	-0.099550	-0.046550	-0.127890	-0.141550	-0.072690	-0.113100
-0.190570	-0.276610	-0.146250	-0.138160	-0.095210	-0.193430	-0.129820	-0.162860	-0.141490	-0.106570	-0.163880	-0.137740	-0.164370	-0.215010	-0.121290	-0.054740	-0.137540	-0.134170	-0.084550	-0.135880	-0.091540	-0.140880	-0.146240	-0.127280	-0.225670	-0.258410	-0.173780	-0.129820	-0.104010	-0.114130	-0.090940	-0.135910	-0.044090	-0.037910	-0.173610	-0.217020	-0.124510	-0.159620	-0.064380	-0.165950	-0.165500	-0.173640	-0.078320	-0.245990	-0.151590	-0.176850	-0.137830	-0.159130	-0.077740	-0.131170	-0.168630	-0.121680
-0.107260	-0.020630	-0.124070	-0.108260	-0.192250	-0.066930	-0.088090	-0.049570	-0.027390	-0.122620	0.004020	-0.048240	0.007170	-0.035810	-0.076860	-0.103310	0.053650	-0.092040	-0.113330	-0.036960	-0.013230	-0.044650	-0.101840	-0.151160	-0.045510	0.069060	-0.198750	-0.171720	-0.112280	-0.034900	-0.037510	-0.013570	-0.075740	-0.195640	-0.068510	-0.122530	-0.144820	0.012120	-0.195160	-0.065090	-0.036030	0.025420	-0.181920	0.060840	-0.009200	-0.054060	-0.089430	-0.071470	-0.065500	-0.131880	-0.006460	-0.088820
-0.194190	-0.311280	-0.134430	-0.226890	-0.077060	-0.138220	-0.182210	-0.170460	-0.281200	-0.143700	-0.282410	-0.179380	-0.280620	-0.270780	-0.202250	-0.175970	-0.231640	-0.206210	-0.155700	-0.158950	-0.230870	-0.189280	-0.127010	-0.121320	-0.163030	-0.113630	-0.036770	-0.086870	-0.160470	-0.185380	-0.143860	-0.182210	-0.208640	-0.081230	-0.221650	-0.179900	-0.148310	-0.379420	-0.198050	-0.284250	-0.260020	-0.203530	-0.048870	-0.193910	-0.262640	-0.173300	-0.186950	-0.247950	-0.152690	-0.187320	-0.276940	-0.184500
0.012170	0.023680	-0.013040	0.061900	-0.059590	-0.020830	0.018790	0.124810	0.087460	0.050660	0.056610	0.030680	0.071840	0.066600	0.002690	0.054590	-0.002930	0.030730	-0.081470	-0.035120	-0.046460	-0.256100	-0.097160	-0.068490	-0.061550	-0.146980	-0.231750	-0.148360	-0.040630	0.030160	0.086930	0.116120	0.116040	-0.011330	0.056630	-0.013180	0.013870	0.101940	-0.061130	-0.017950	-0.101030	0.001670	-0.078190	0.030730	0.034090	-0.127810	-0.097980	-0.000550	0.039390	-0.110350	0.022250	-0.033970
-0.233680	-0.205410	-0.228160	-0.265580	-0.250070	-0.217080	-0.219250	-0.299030	-0.203270	-0.250840	-0.144510	-0.180940	-0.132630	-0.240410	-0.171890	-0.183860	-0.106880	-0.181710	-0.088900	-0.103880	-0.088750	0.062340	-0.139390	-0.214320	-0.218460	-0.092640	-0.122980	-0.165690	-0.177470	-0.195810	-0.216360	-0.250560	-0.197160	-0.238700	-0.224140	-0.255960	-0.227040	-0.108550	-0.141150	-0.167000	-0.031820	-0.136700	-0.172950	-0.183870	-0.151980	-0.057440	-0.089250	-0.189940	-0.204780	-0.139280	-0.104130	-0.156940
-0.039810	-0.054310	-0.002950	-0.013420	0.072730	0.009920	-0.012750	0.008410	-0.060970	-0.010160	-0.125280	-0.076420	-0.171760	-0.055830	-0.072480	-0.093690	-0.110590	-0.089890	-0.100800	-0.111840	-0.094760	-0.129420	-0.013020	0.050070	0.033960	-0.142500	-0.052500	-0.019690	-0.036550	-0.059340	-0.067860	-0.051140	-0.119390	0.009470	-0.054790	0.026710	-0.029680	-0.216550	-0.075580	-0.046880	-0.135110	-0.081100	-0.015080	-0.049170	-0.089090	-0.112630	-0.092640	-0.026580	-0.045110	-0.026010	-0.163980	-0.051660
-0.045030	-0.006390	-0.118450	-0.063220	-0.226000	-0.192490	-0.132800	-0.112920	-0.107890	-0.117910	-0.086070	-0.139340	-0.032290	-0.002800	-0.127870	-0.073440	-0.119250	-0.026390	-0.127160	-0.094370	-0.075010	-0.121850	-0.159820	-0.189870	-0.134310	-0.045480	-0.032450	-0.072850	-0.115810	-0.119220	-0.135760	-0.139570	-0.072320	-0.126330	-0.051980	-0.103070	-0.113660	0.044350	-0.070980	-0.091440	-0.077620	-0.149980	-0.143500	-0.125640	-0.098390	-0.102960	-0.118020	-0.125330	-0.138580	-0.126020	-0.021580	-0.120880
2.302860	2.814520	3.034090	2.902690	1.910310	0.771550	-0.424030	-1.692980	-2.128340	-1.989790	-1.442100	-0.257180	0.930810	1.006130	0.566610	-0.232000	-0.420460	-0.886390	-1.715160	-2.025320	-1.645260	0.705200	3.082250	4.464790	5.150120	6.392870	6.784240	5.763760	4.404190	1.760160	0.245980	-2.057910	-4.098430	-5.426900	-5.986830	-6.064830	-6.022500	-5.241090	-4.155480	-2.822680	-2.449700	-2.354160	-1.949500	-1.347070	-0.870440	-0.603250	-0.506330	-0.223780	-0.099680	0.273890	0.386790	0.264610
-0.107890	-0.072640	-0.082270	-0.227710	-0.151190	-0.237020	0.140070	0.078100	0.117250	-0.209230	-0.233650	-0.412020	-0.768000	-0.581420	-0.366890	0.105180	-0.168720	-0.177260	-0.355510	-0.069270	-0.253860	-1.349280	-1.412390	-0.657840	0.192170	0.265300	0.445970	0.670160	0.986320	1.190260	0.459270	0.056000	0.053960	0.058620	0.135960	0.079480	0.255800	0.123900	0.072010	-0.044290	-0.141790	-0.206050	-0.401630	-0.268480	-0.400460	-0.187920	0.030470	0.278540	0.264530	0.215900	0.192850	0.161100
0.581250	0.613310	0.769800	0.859140	0.803990	0.533990	0.134110	-0.190750	-0.590670	-0.541510	-0.658230	-0.446680	-0.179360	-0.050750	-0.055690	-0.166080	-0.016640	0.013230	0.142760	0.041980	-0.023430	0.025770	-0.268000	-0.489360	-0.596340	-0.504060	-0.294460	-0.081280	0.135630	0.269290	0.351380	0.135090	0.190780	0.277210	-0.222010	-0.240410	-0.321510	-0.314310	-0.308060	-0.160170	-0.064620	-0.030500	0.082830	-0.278960	-0.298600	-0.139670	-0.207400	-0.277670	-0.121000	0.110820	0.156700	0.058880
-1.213610	-1.261140	-1.567620	-1.526600	-1.519940	-0.965580	-0.664150	-0.184220	0.428250	0.539830	0.766570	0.647960	0.413770	0.298360	0.252130	-0.004740	-0.125030	-0.240520	-0.212250	-0.210660	0.117720	0.112050	0.561380	0.344220	0.039420	-0.020620	-0.301330	-0.375060	-0.425930	-0.512280	-0.371690	0.071730	-0.246620	-0.427180	0.145550	0.029210	-0.123550	-0.152350	-0.156240	-0.231390	-0.235420	-0.256710	-0.223860	0.426530	0.492700	-0.058860	-0.205480	-0.225850	-0.384930	-0.678510	-0.734990	-0.568360
0.987210	0.965880	1.340970	1.216830	1.257890	0.799250	0.522450	0.291120	-0.183310	-0.262950	-0.479020	-0.364600	0.010740	-0.237250	-0.303880	-0.071070	0.284370	0.429360	0.070490	-0.173820	-0.591590	0.548980	0.061020	0.096430	0.070870	0.203580	0.329000	-0.131020	-0.701100	-1.005230	-0.702680	-1.076190	-0.715070	-0.483870	-0.580750	-0.214490	0.122090	0.439250	0.611690	0.490690	0.305930	0.273190	0.218260	-0.450200	-0.388010	0.103940	0.336930	0.308550	0.257970	0.474700	0.512430	0.424290
-0.832110	-0.682120	-0.943660	-0.713200	-0.807280	-0.623820	-0.324210	-0.305340	-0.220000	-0.263710	-0.161900	-0.456770	-0.596880	-0.324800	-0.331600	-0.308770	-0.690060	-0.837490	-0.221880	0.115800	0.484510	-0.363960	-0.076530	-0.183550	-0.017210	-0.327010	-0.499540	0.058430	0.384000	0.728120	0.725360	1.053840	0.778370	0.478340	0.044100	-0.230890	-0.309740	-0.571500	-0.885800	-0.328030	-0.001840	0.079120	-0.005210	0.058990	-0.233980	-0.666450	-0.675370	-0.722590	-0.302060	-0.337670	-0.275390	-0.284890
0.461630	0.344150	0.483940	0.430830	0.435490	0.530790	-0.117360	-0.121860	-0.200980	-0.241690	-0.278820	0.196130	0.099590	0.098090	0.462340	0.312720	0.443150	0.196860	-0.347520	-0.416270	-0.539830	-1.037400	-1.058720	-0.616540	-0.282460	0.200930	0.553000	0.648430	1.195580	1.192350	0.294870	-0.437910	-0.537620	-0.654010	-0.384440	-0.454920	-0.673480	-0.435920	0.343400	-0.186040	-0.482610	-0.483050	-0.450630	-0.049010	0.265090	0.279480	0.069040	0.517980	0.171930	0.173550	0.018980	0.004330
-0.369520	-0.192030	-0.139520	0.047920	0.266370	0.024030	0.736820	0.698680	0.885400	0.364820	0.150140	-0.266190	0.153200	-0.002560	-0.654990	-0.377970	-0.226340	0.041660	-0.082200	-0.542610	-0.638340	0.451300	-0.274260	-0.891460	-0.830630	-0.266300	0.152170	0.373290	0.010840	-0.378340	0.464000	-0.111230	-0.716700	-0.424080	-0.698120	-0.304650	0.352290	0.966720	0.051040	0.728380	0.726070	0.319520	0.465480	-0.251580	-0.418120	-0.704490	-0.085990	-0.801800	-0.396850	-0.192470	-0.132800	-0.215200
0.293250	0.490030	0.454860	0.454710	-0.012100	0.158090	-0.862480	-0.615580	-1.190970	-0.924120	-0.495210	-0.117130	0.090770	-0.092120	0.539540	0.476650	0.517750	0.270520	0.230200	0.411570	0.476570	0.447850	0.735710	0.906310	0.697420	0.030810	-0.307270	-0.532850	-0.780460	-0.639640	-0.895360	-0.491740	-0.069110	-0.877480	-0.865960	-0.979020	-1.046510	-0.942350	0.412360	0.452470	0.398670	0.942950	0.302020	0.131480	-0.039080	-0.358580	-0.826840	-0.078630	0.080040	-0.114360	0.059780	0.176870
-0.256460	-0.352750	-0.257510	0.255180	0.505860	0.534050	0.605090	0.355830	0.602230	0.210190	-0.369820	-0.567650	-0.501310	-0.359300	-0.793380	-0.880150	-1.050200	-1.775880	-1.564070	-1.393300	-0.864120	-0.848160	-0.858890	-0.834600	-0.080730	0.905110	0.993230	1.649750	2.236050	2.162950	1.884380	0.699040	-0.179660	-0.329670	-0.920590	-0.963630	-1.088150	-0.585050	-0.924010	-0.420520	-0.226820	-0.592740	-0.257300	-0.147560	0.277260	-0.369640	0.036770	-0.201660	0.060310	0.403790	0.005790	-0.336880
-0.201550	-0.120650	-0.065020	-0.342980	-0.172510	-0.222760	0.310840	0.524090	0.696280	0.381900	0.496900	0.507990	0.392680	0.264740	0.248580	0.542200	0.673630	1.558810	0.903140	0.189290	-0.558510	-0.383550	-0.718320	-0.818600	-0.964150	-1.033750	-0.323010	-0.479050	-0.685010	-1.094970	-0.797360	-0.647250	-0.462020	0.199600	0.570270	0.680090	1.110280	1.169170	0.814920	0.424060	-0.038600	-0.082510	0.169180	-0.164150	-0.637290	-0.134760	0.091370	-0.107530	-0.377040	-0.514020	-0.173340	0.107790
0.509010	0.546680	0.443860	0.398670	0.027680	-0.118900	-0.828100	-1.014100	-1.560320	-1.053670	-0.799080	-0.660360	-0.402450	-0.289690	0.062410	-0.114600	0.007560	-0.467260	0.060800	0.715220	1.076560	0.519850	0.458560	0.436580	0.210840	-0.095920	-0.645490	-0.607700	-0.489290	0.233470	-0.158700	0.137470	0.292860	-0.373560	-0.410060	-0.358120	-0.596440	-0.875980	-0.285400	-0.127990	0.271680	0.411010	-0.221100	-0.008040	0.225370	0.092300	-0.431690	-0.093410	0.110960	0.118220	-0.029630	-0.138510
-0.966250	-1.322160	-1.291850	-1.094240	-0.808600	-0.500190	0.201630	0.209800	0.943210	0.949720	0.400280	0.302380	0.061310	0.223140	-0.149680	-0.222900	-0.476740	-0.447000	-0.332130	-0.805780	-0.723070	-0.453200	0.259300	0.312420	0.303360	0.398850	0.238220	-0.113580	-0.366910	-0.676010	-0.251550	0.040200	0.158220	0.734360	0.671900	0.396660	0.113350	-0.185120	-0.650060	-0.654680	-0.732060	-0.885390	-0.319510	-0.197210	-0.175880	0.011940	0.304150	0.103150	-0.031170	-0.033980	-0.037160	-0.097710
1.439340	1.466920	0.659660	-1.290830	-3.053570	-3.207130	-2.764030	-1.495110	0.090340	0.721910	1.582060	2.148330	2.095110	1.295690	-1.207560	-3.515230	-3.189280	-0.915930	1.361270	1.696890	0.008750	1.059720	3.914260	5.780420	4.754350	-0.127570	-3.386140	-4.115730	-3.020920	-2.163290	-2.418730	-3.669790	-4.950980	-3.799790	-1.387940	2.307680	3.515660	1.870810	0.385700	-0.363620	0.723130	1.576250	1.094600	0.565580	-0.051070	0.012830	0.400330	0.392360	0.481510	0.372560	0.266760	0.169570
-0.251940	-0.346640	-0.203100	-0.195710	0.191530	0.025880	0.161130	0.288390	-0.148790	-0.385000	-0.909230	-0.675950	-0.332200	0.177810	0.721090	0.978020	0.408110	-0.740480	-1.450220	-0.821870	0.573580	0.077890	-0.659920	-0.868960	0.683940	2.773200	1.844200	-0.071590	-1.753040	-1.674420	-0.302600	0.299860	0.480570	-0.168280	-0.517330	-0.416330	-0.061040	0.478630	0.206770	-0.339470	-0.841240	-0.812780	-0.248760	0.457300	0.534230	0.274410	-0.045590	-0.177830	0.186680	0.038240	-0.098810	-0.226070
0.102730	0.038170	0.108520	0.083340	-0.332710	-0.332020	-0.987890	-1.158810	-0.833680	-0.282620	0.644200	0.777210	0.590140	0.028290	-0.576910	-0.690310	-0.277690	0.439910	0.868900	0.324400	-0.632740	-1.018190	-1.010770	-0.190670	0.341140	0.358530	0.514360	0.048700	0.067550	0.181060	-0.005680	-0.025970	-0.430910	-0.354180	-0.404270	-0.374860	-0.248080	-0.172630	0.367720	0.238160	0.157460	0.039320	-0.282380	-0.473690	-0.564980	-0.119590	0.321780	0.425790	0.117200	-0.173610	-0.137720	-0.086410
-0.282540	-0.070050	-0.287880	-0.175810	0.230000	0.293630	1.177350	1.129140	0.979250	0.351710	-0.517580	-0.636610	-0.854890	-0.271140	0.200120	0.009940	-0.102430	-0.856860	-0.688910	0.145440	0.680890	1.112150	0.632040	-0.502960	-1.360310	-1.376700	-0.688240	0.706960	0.934990	0.152940	-0.454420	-0.737620	-0.190190	0.326140	0.626220	0.363760	-0.146470	-0.798430	-1.107100	-0.096910	0.573040	0.672900	0.238030	-0.104130	0.092720	-0.335850	-0.691290	-0.920150	-0.519250	0.210960	0.244030	0.210760
0.265050	0.044800	0.081220	-0.226840	-0.575920	-0.408300	-0.958620	-0.649670	-0.679940	-0.438760	0.040460	-0.045360	0.743840	0.229130	-0.373550	-0.401660	-0.423070	1.115520	0.709010	-0.662020	-1.627880	-1.056230	0.890630	1.854170	1.048450	-1.113690	-1.516900	-1.508270	-0.597560	0.368650	0.323330	0.314690	-0.133390	-0.344320	0.008980	0.616050	0.766960	0.885920	0.478710	-0.654140	-1.127940	-1.032820	-0.077820	0.320110	-0.033840	0.090470	0.189040	0.617130	0.159320	-0.434960	-0.431740	-0.378990
-0.647020	-0.430140	-0.057080	0.625370	0.745430	0.036010	-0.078490	-0.434830	0.016170	0.318060	0.056120	-0.075800	-0.913450	-0.546330	0.203460	0.687140	0.451160	-1.042980	-0.746360	0.328590	1.749500	1.194380	-1.024900	-2.059910	-1.629390	0.588510	1.484760	1.520320	0.560690	-0.588820	-0.653690	-0.323840	0.449260	0.369380	-0.885980	-1.730570	-1.354410	-0.266480	0.811440	1.277510	0.846590	0.108740	-0.828700	-1.223470	-0.549860	-0.191930	0.205110	0.056290	0.186020	0.362810	0.130380	0.067650
0.720040	0.676540	-0.061370	-0.897460	-1.163300	-0.229860	0.187660	0.194340	-0.243620	-0.903520	-0.285350	0.367650	0.928530	0.852000	-0.170960	-0.936160	-0.581560	-0.315040	-0.235590	-0.154720	-0.786560	-0.793970	-0.472180	0.157510	1.534810	1.824090	0.967050	-0.361950	-0.984720	-0.480990	-0.378650	-0.830270	-1.446620	-1.139410	0.704240	1.444270	0.780270	-0.313460	-0.993900	-0.497210	0.064240	0.010390	-0.115020	0.435800	0.607480	0.597980	-0.083110	-0.685560	-0.734640	-0.295360	0.201450	0.228560
-0.772640	-0.817790	-0.101000	0.772010	1.512090	0.374400	-0.356010	-0.690400	-0.401920	0.407650	-0.457990	-0.829030	-0.686700	-0.222230	0.308010	0.153060	-0.340250	0.257070	0.303530	-0.551050	-0.776280	-0.088230	0.543410	0.363210	-0.964230	-1.290820	0.859080	1.924920	1.370440	-0.920970	-2.237140	-1.621580	-0.249440	1.497350	0.721210	0.417270	0.056510	-0.127580	0.512870	-0.020070	-0.261900	-0.451540	-0.265730	-1.000330	-0.876380	-0.570560	0.204450	0.894330	0.329330	0.082280	-0.303650	-0.113380
0.544780	1.038750	0.310880	-0.378470	-1.993760	-1.540110	-0.530680	0.133830	0.823320	-0.225350	0.172160	0.232350	0.712610	0.748520	-0.077180	-0.159980	-0.357350	-0.375770	-0.302480	0.036960	0.450560	0.410170	0.178790	-0.063010	-0.343240	-1.000760	-1.543620	-1.162650	-0.236640	0.961290	0.754200	0.290400	-0.001140	-1.336120	-0.789700	-0.754040	-0.115520	1.570160	1.531460	1.728320	0.287710	-1.340530	-1.894000	-1.188010	0.323050	0.640300	0.231470	-0.274060	-0.495290	0.162620	0.450660	0.270130
-0.099170	-0.339250	-0.249640	0.266600	1.350390	1.073750	-0.031000	-1.364450	-1.492330	-0.461440	0.039760	0.295230	-0.368700	-0.418160	-0.376200	-0.583530	-0.242910	-0.962900	-0.480600	0.102030	0.962330	1.915220	0.101060	-1.009730	-0.897310	0.891700	3.122960	2.668850	0.749230	-1.694800	-2.797960	-2.616110	-1.554750	0.377640	0.557520	0.473160	-0.634950	-1.157330	-0.023630	0.665130	1.579050	0.421610	-0.713830	-1.206770	-0.450380	0.894440	0.944980	0.134510	-0.752360	-0.432160	0.032660	0.448360
-0.441720	-0.381000	-0.012550	0.124050	0.138810	-0.146840	0.167620	0.768480	0.665970	0.102560	-0.965550	-1.085120	-0.363750	0.441970	0.712640	0.426560	-0.071970	0.478100	0.025010	-1.027320	-2.139810	-2.435660	-0.018670	1.539540	1.592310	0.031350	-1.275880	-1.108130	-0.233520	0.431620	0.488820	0.352530	-0.016570	0.495000	0.849740	0.914030	0.744890	-0.469700	-0.983830	-1.322330	-1.546470	-0.080800	0.929120	0.952660	-0.109740	-1.528940	-0.955270	0.411530	0.998460	0.359640	-0.552440	-0.755300
0.364370	0.417090	-0.076000	-0.604760	-1.395480	-0.937460	-0.620960	-0.438630	-0.262940	-0.222590	0.756260	0.931920	0.867600	-0.058140	-0.608660	-0.399420	-0.149370	0.049430	0.295560	0.932840	1.253440	0.387000	-1.323440	-2.051300	-1.236780	0.496630	0.731030	0.131890	-0.634510	-0.358950	0.415000	0.793660	0.762830	-0.995850	-1.470100	-1.387980	-0.321460	1.440740	1.068210	0.665530	0.154790	-0.739350	-0.942870	-0.569760	0.199220	1.028710	0.252480	-0.817040	-0.894880	-0.295730	0.556710	0.480250
-0.702330	-1.133290	-0.549120	0.388370	1.863110	1.701880	0.593600	-0.356540	-0.656730	0.181570	0.164390	-0.021980	-1.076100	-1.022280	-0.163320	0.041510	0.439360	-0.307950	-0.451150	-0.645000	-0.630850	0.460650	1.358360	1.729570	0.470530	-1.287300	-1.950600	-1.320790	0.111840	0.800160	0.990570	0.528000	-0.287570	0.141170	-0.035880	0.034510	-0.301920	-1.602800	-1.166910	-0.619910	0.274460	1.175690	0.748260	0.241770	-0.408870	-0.667660	0.109800	0.505180	0.399590	-0.275890	-0.856900	-0.638990
