6.143600	6.143600	6.143600	6.143600	6.143600	6.143600	6.143600	6.143600	6.143600	6.143600	6.143600	6.143600	6.143600	6.143600	6.143600	6.143600	6.143600	6.143600	6.143600	6.143600	6.143600	6.143600	6.143600	6.143600	6.143600	6.143600	6.143600	6.143600	6.143600	6.143600	6.143600	6.143600
-0.584610	-0.584610	-0.584610	-0.584610	-0.584610	-0.584610	-0.584610	-0.584610	-0.584610	-0.584610	-0.584610	-0.584610	-0.584610	-0.584610	-0.584610	-0.584610	-0.584610	-0.584610	-0.584610	-0.584610	-0.584610	-0.584610	-0.584610	-0.584610	-0.584610	-0.584610	-0.584610	-0.584610	-0.584610	-0.584610	-0.584610	-0.584610
-0.188970	-0.188970	-0.188970	-0.188970	-0.188970	-0.188970	-0.188970	-0.188970	-0.188970	-0.188970	-0.188970	-0.188970	-0.188970	-0.188970	-0.188970	-0.188970	-0.188970	-0.188970	-0.188970	-0.188970	-0.188970	-0.188970	-0.188970	-0.188970	-0.188970	-0.188970	-0.188970	-0.188970	-0.188970	-0.188970	-0.188970	-0.188970
-0.275460	-0.275460	-0.275460	-0.275460	-0.275460	-0.275460	-0.275460	-0.275460	-0.275460	-0.275460	-0.275460	-0.275460	-0.275460	-0.275460	-0.275460	-0.275460	-0.275460	-0.275460	-0.275460	-0.275460	-0.275460	-0.275460	-0.275460	-0.275460	-0.275460	-0.275460	-0.275460	-0.275460	-0.275460	-0.275460	-0.275460	-0.275460
-0.200760	-0.200760	-0.200760	-0.200760	-0.200760	-0.200760	-0.200760	-0.200760	-0.200760	-0.200760	-0.200760	-0.200760	-0.200760	-0.200760	-0.200760	-0.200760	-0.200760	-0.200760	-0.200760	-0.200760	-0.200760	-0.200760	-0.200760	-0.200760	-0.200760	-0.200760	-0.200760	-0.200760	-0.200760	-0.200760	-0.200760	-0.200760
-0.229340	-0.229340	-0.229340	-0.229340	-0.229340	-0.229340	-0.229340	-0.229340	-0.229340	-0.229340	-0.229340	-0.229340	-0.229340	-0.229340	-0.229340	-0.229340	-0.229340	-0.229340	-0.229340	-0.229340	-0.229340	-0.229340	-0.229340	-0.229340	-0.229340	-0.229340	-0.229340	-0.229340	-0.229340	-0.229340	-0.229340	-0.229340
-0.200100	-0.200100	-0.200100	-0.200100	-0.200100	-0.200100	-0.200100	-0.200100	-0.200100	-0.200100	-0.200100	-0.200100	-0.200100	-0.200100	-0.200100	-0.200100	-0.200100	-0.200100	-0.200100	-0.200100	-0.200100	-0.200100	-0.200100	-0.200100	-0.200100	-0.200100	-0.200100	-0.200100	-0.200100	-0.200100	-0.200100	-0.200100
-0.206580	-0.206580	-0.206580	-0.206580	-0.206580	-0.206580	-0.206580	-0.206580	-0.206580	-0.206580	-0.206580	-0.206580	-0.206580	-0.206580	-0.206580	-0.206580	-0.206580	-0.206580	-0.206580	-0.206580	-0.206580	-0.206580	-0.206580	-0.206580	-0.206580	-0.206580	-0.206580	-0.206580	-0.206580	-0.206580	-0.206580	-0.206580
-0.194830	-0.194830	-0.194830	-0.194830	-0.194830	-0.194830	-0.194830	-0.194830	-0.194830	-0.194830	-0.194830	-0.194830	-0.194830	-0.194830	-0.194830	-0.194830	-0.194830	-0.194830	-0.194830	-0.194830	-0.194830	-0.194830	-0.194830	-0.194830	-0.194830	-0.194830	-0.194830	-0.194830	-0.194830	-0.194830	-0.194830	-0.194830
-0.189370	-0.189370	-0.189370	-0.189370	-0.189370	-0.189370	-0.189370	-0.189370	-0.189370	-0.189370	-0.189370	-0.189370	-0.189370	-0.189370	-0.189370	-0.189370	-0.189370	-0.189370	-0.189370	-0.189370	-0.189370	-0.189370	-0.189370	-0.189370	-0.189370	-0.189370	-0.189370	-0.189370	-0.189370	-0.189370	-0.189370	-0.189370
-0.185240	-0.185240	-0.185240	-0.185240	-0.185240	-0.185240	-0.185240	-0.185240	-0.185240	-0.185240	-0.185240	-0.185240	-0.185240	-0.185240	-0.185240	-0.185240	-0.185240	-0.185240	-0.185240	-0.185240	-0.185240	-0.185240	-0.185240	-0.185240	-0.185240	-0.185240	-0.185240	-0.185240	-0.185240	-0.185240	-0.185240	-0.185240
-0.169540	-0.169540	-0.169540	-0.169540	-0.169540	-0.169540	-0.169540	-0.169540	-0.169540	-0.169540	-0.169540	-0.169540	-0.169540	-0.169540	-0.169540	-0.169540	-0.169540	-0.169540	-0.169540	-0.169540	-0.169540	-0.169540	-0.169540	-0.169540	-0.169540	-0.169540	-0.169540	-0.169540	-0.169540	-0.169540	-0.169540	-0.169540
-0.150850	-0.150850	-0.150850	-0.150850	-0.150850	-0.150850	-0.150850	-0.150850	-0.150850	-0.150850	-0.150850	-0.150850	-0.150850	-0.150850	-0.150850	-0.150850	-0.150850	-0.150850	-0.150850	-0.150850	-0.150850	-0.150850	-0.150850	-0.150850	-0.150850	-0.150850	-0.150850	-0.150850	-0.150850	-0.150850	-0.150850	-0.150850
-0.129530	-0.129530	-0.129530	-0.129530	-0.129530	-0.129530	-0.129530	-0.129530	-0.129530	-0.129530	-0.129530	-0.129530	-0.129530	-0.129530	-0.129530	-0.129530	-0.129530	-0.129530	-0.129530	-0.129530	-0.129530	-0.129530	-0.129530	-0.129530	-0.129530	-0.129530	-0.129530	-0.129530	-0.129530	-0.129530	-0.129530	-0.129530
-0.129530	-0.129530	-0.129530	-0.129530	-0.129530	-0.129530	-0.129530	-0.129530	-0.129530	-0.129530	-0.129530	-0.129530	-0.129530	-0.129530	-0.129530	-0.129530	-0.129530	-0.129530	-0.129530	-0.129530	-0.129530	-0.129530	-0.129530	-0.129530	-0.129530	-0.129530	-0.129530	-0.129530	-0.129530	-0.129530	-0.129530	-0.129530
-0.129530	-0.129530	-0.129530	-0.129530	-0.129530	-0.129530	-0.129530	-0.129530	-0.129530	-0.129530	-0.129530	-0.129530	-0.129530	-0.129530	-0.129530	-0.129530	-0.129530	-0.129530	-0.129530	-0.129530	-0.129530	-0.129530	-0.129530	-0.129530	-0.129530	-0.129530	-0.129530	-0.129530	-0.129530	-0.129530	-0.129530	-0.129530
-0.129530	-0.129530	-0.129530	-0.129530	-0.129530	-0.129530	-0.129530	-0.129530	-0.129530	-0.129530	-0.129530	-0.129530	-0.129530	-0.129530	-0.129530	-0.129530	-0.129530	-0.129530	-0.129530	-0.129530	-0.129530	-0.129530	-0.129530	-0.129530	-0.129530	-0.129530	-0.129530	-0.129530	-0.129530	-0.129530	-0.129530	-0.129530
-0.129530	-0.129530	-0.129530	-0.129530	-0.129530	-0.129530	-0.129530	-0.129530	-0.129530	-0.129530	-0.129530	-0.129530	-0.129530	-0.129530	-0.129530	-0.129530	-0.129530	-0.129530	-0.129530	-0.129530	-0.129530	-0.129530	-0.129530	-0.129530	-0.129530	-0.129530	-0.129530	-0.129530	-0.129530	-0.129530	-0.129530	-0.129530
-0.129530	-0.129530	-0.129530	-0.129530	-0.129530	-0.129530	-0.129530	-0.129530	-0.129530	-0.129530	-0.129530	-0.129530	-0.129530	-0.129530	-0.129530	-0.129530	-0.129530	-0.129530	-0.129530	-0.129530	-0.129530	-0.129530	-0.129530	-0.129530	-0.129530	-0.129530	-0.129530	-0.129530	-0.129530	-0.129530	-0.129530	-0.129530
-0.129530	-0.129530	-0.129530	-0.129530	-0.129530	-0.129530	-0.129530	-0.129530	-0.129530	-0.129530	-0.129530	-0.129530	-0.129530	-0.129530	-0.129530	-0.129530	-0.129530	-0.129530	-0.129530	-0.129530	-0.129530	-0.129530	-0.129530	-0.129530	-0.129530	-0.129530	-0.129530	-0.129530	-0.129530	-0.129530	-0.129530	-0.129530
-0.129530	-0.129530	-0.129530	-0.129530	-0.129530	-0.129530	-0.129530	-0.129530	-0.129530	-0.129530	-0.129530	-0.129530	-0.129530	-0.129530	-0.129530	-0.129530	-0.129530	-0.129530	-0.129530	-0.129530	-0.129530	-0.129530	-0.129530	-0.129530	-0.129530	-0.129530	-0.129530	-0.129530	-0.129530	-0.129530	-0.129530	-0.129530
-0.129530	-0.129530	-0.129530	-0.129530	-0.129530	-0.129530	-0.129530	-0.129530	-0.129530	-0.129530	-0.129530	-0.129530	-0.129530	-0.129530	-0.129530	-0.129530	-0.129530	-0.129530	-0.129530	-0.129530	-0.129530	-0.129530	-0.129530	-0.129530	-0.129530	-0.129530	-0.129530	-0.129530	-0.129530	-0.129530	-0.129530	-0.129530
-0.129530	-0.129530	-0.129530	-0.129530	-0.129530	-0.129530	-0.129530	-0.129530	-0.129530	-0.129530	-0.129530	-0.129530	-0.129530	-0.129530	-0.129530	-0.129530	-0.129530	-0.129530	-0.129530	-0.129530	-0.129530	-0.129530	-0.129530	-0.129530	-0.129530	-0.129530	-0.129530	-0.129530	-0.129530	-0.129530	-0.129530	-0.129530
-0.129530	-0.129530	-0.129530	-0.129530	-0.129530	-0.129530	-0.129530	-0.129530	-0.129530	-0.129530	-0.129530	-0.129530	-0.129530	-0.129530	-0.129530	-0.129530	-0.129530	-0.129530	-0.129530	-0.129530	-0.129530	-0.129530	-0.129530	-0.129530	-0.129530	-0.129530	-0.129530	-0.129530	-0.129530	-0.129530	-0.129530	-0.129530
-0.129530	-0.129530	-0.129530	-0.129530	-0.129530	-0.129530	-0.129530	-0.129530	-0.129530	-0.129530	-0.129530	-0.129530	-0.129530	-0.129530	-0.129530	-0.129530	-0.129530	-0.129530	-0.129530	-0.129530	-0.129530	-0.129530	-0.129530	-0.129530	-0.129530	-0.129530	-0.129530	-0.129530	-0.129530	-0.129530	-0.129530	-0.129530
-0.129530	-0.129530	-0.129530	-0.129530	-0.129530	-0.129530	-0.129530	-0.129530	-0.129530	-0.129530	-0.129530	-0.129530	-0.129530	-0.129530	-0.129530	-0.129530	-0.129530	-0.129530	-0.129530	-0.129530	-0.129530	-0.129530	-0.129530	-0.129530	-0.129530	-0.129530	-0.129530	-0.129530	-0.129530	-0.129530	-0.129530	-0.129530
-0.129530	-0.129530	-0.129530	-0.129530	-0.129530	-0.129530	-0.129530	-0.129530	-0.129530	-0.129530	-0.129530	-0.129530	-0.129530	-0.129530	-0.129530	-0.129530	-0.129530	-0.129530	-0.129530	-0.129530	-0.129530	-0.129530	-0.129530	-0.129530	-0.129530	-0.129530	-0.129530	-0.129530	-0.129530	-0.129530	-0.129530	-0.129530
-0.129530	-0.129530	-0.129530	-0.129530	-0.129530	-0.129530	-0.129530	-0.129530	-0.129530	-0.129530	-0.129530	-0.129530	-0.129530	-0.129530	-0.129530	-0.129530	-0.129530	-0.129530	-0.129530	-0.129530	-0.129530	-0.129530	-0.129530	-0.129530	-0.129530	-0.129530	-0.129530	-0.129530	-0.129530	-0.129530	-0.129530	-0.129530
-0.129530	-0.129530	-0.129530	-0.129530	-0.129530	-0.129530	-0.129530	-0.129530	-0.129530	-0.129530	-0.129530	-0.129530	-0.129530	-0.129530	-0.129530	-0.129530	-0.129530	-0.129530	-0.129530	-0.129530	-0.129530	-0.129530	-0.129530	-0.129530	-0.129530	-0.129530	-0.129530	-0.129530	-0.129530	-0.129530	-0.129530	-0.129530
-0.129530	-0.129530	-0.129530	-0.129530	-0.129530	-0.129530	-0.129530	-0.129530	-0.129530	-0.129530	-0.129530	-0.129530	-0.129530	-0.129530	-0.129530	-0.129530	-0.129530	-0.129530	-0.129530	-0.129530	-0.129530	-0.129530	-0.129530	-0.129530	-0.129530	-0.129530	-0.129530	-0.129530	-0.129530	-0.129530	-0.129530	-0.129530
-0.129530	-0.129530	-0.129530	-0.129530	-0.129530	-0.129530	-0.129530	-0.129530	-0.129530	-0.129530	-0.129530	-0.129530	-0.129530	-0.129530	-0.129530	-0.129530	-0.129530	-0.129530	-0.129530	-0.129530	-0.129530	-0.129530	-0.129530	-0.129530	-0.129530	-0.129530	-0.129530	-0.129530	-0.129530	-0.129530	-0.129530	-0.129530
-0.129530	-0.129530	-0.129530	-0.129530	-0.129530	-0.129530	-0.129530	-0.129530	-0.129530	-0.129530	-0.129530	-0.129530	-0.129530	-0.129530	-0.129530	-0.129530	-0.129530	-0.129530	-0.129530	-0.129530	-0.129530	-0.129530	-0.129530	-0.129530	-0.129530	-0.129530	-0.129530	-0.129530	-0.129530	-0.129530	-0.129530	-0.129530
-0.129530	-0.129530	-0.129530	-0.129530	-0.129530	-0.129530	-0.129530	-0.129530	-0.129530	-0.129530	-0.129530	-0.129530	-0.129530	-0.129530	-0.129530	-0.129530	-0.129530	-0.129530	-0.129530	-0.129530	-0.129530	-0.129530	-0.129530	-0.129530	-0.129530	-0.129530	-0.129530	-0.129530	-0.129530	-0.129530	-0.129530	-0.129530
-0.129530	-0.129530	-0.129530	-0.129530	-0.129530	-0.129530	-0.129530	-0.129530	-0.129530	-0.129530	-0.129530	-0.129530	-0.129530	-0.129530	-0.129530	-0.129530	-0.129530	-0.129530	-0.129530	-0.129530	-0.129530	-0.129530	-0.129530	-0.129530	-0.129530	-0.129530	-0.129530	-0.129530	-0.129530	-0.129530	-0.129530	-0.129530
-0.129530	-0.129530	-0.129530	-0.129530	-0.129530	-0.129530	-0.129530	-0.129530	-0.129530	-0.129530	-0.129530	-0.129530	-0.129530	-0.129530	-0.129530	-0.129530	-0.129530	-0.129530	-0.129530	-0.129530	-0.129530	-0.129530	-0.129530	-0.129530	-0.129530	-0.129530	-0.129530	-0.129530	-0.129530	-0.129530	-0.129530	-0.129530
-0.129530	-0.129530	-0.129530	-0.129530	-0.129530	-0.129530	-0.129530	-0.129530	-0.129530	-0.129530	-0.129530	-0.129530	-0.129530	-0.129530	-0.129530	-0.129530	-0.129530	-0.129530	-0.129530	-0.129530	-0.129530	-0.129530	-0.129530	-0.129530	-0.129530	-0.129530	-0.129530	-0.129530	-0.129530	-0.129530	-0.129530	-0.129530
-0.129530	-0.129530	-0.129530	-0.129530	-0.129530	-0.129530	-0.129530	-0.129530	-0.129530	-0.129530	-0.129530	-0.129530	-0.129530	-0.129530	-0.129530	-0.129530	-0.129530	-0.129530	-0.129530	-0.129530	-0.129530	-0.129530	-0.129530	-0.129530	-0.129530	-0.129530	-0.129530	-0.129530	-0.129530	-0.129530	-0.129530	-0.129530
-0.129530	-0.129530	-0.129530	-0.129530	-0.129530	-0.129530	-0.129530	-0.129530	-0.129530	-0.129530	-0.129530	-0.129530	-0.129530	-0.129530	-0.129530	-0.129530	-0.129530	-0.129530	-0.129530	-0.129530	-0.129530	-0.129530	-0.129530	-0.129530	-0.129530	-0.129530	-0.129530	-0.129530	-0.129530	-0.129530	-0.129530	-0.129530
-0.129530	-0.129530	-0.129530	-0.129530	-0.129530	-0.129530	-0.129530	-0.129530	-0.129530	-0.129530	-0.129530	-0.129530	-0.129530	-0.129530	-0.129530	-0.129530	-0.129530	-0.129530	-0.129530	-0.129530	-0.129530	-0.129530	-0.129530	-0.129530	-0.129530	-0.129530	-0.129530	-0.129530	-0.129530	-0.129530	-0.129530	-0.129530
