6.144010	6.144010	6.144010	6.144010	6.144010	6.144010	6.144010	6.144010	6.144010	6.144010	6.144010	6.144010	6.144010	6.144010	6.144010	6.144010	6.144010	6.144010	6.144010	6.144010	6.144010	6.144010	6.144010	6.144010	6.144010	6.144010	6.144010	6.144010	6.144010	6.144010	6.144010	6.144010
-0.579890	-0.579890	-0.579890	-0.579890	-0.579890	-0.579890	-0.579890	-0.579890	-0.579890	-0.579890	-0.579890	-0.579890	-0.579890	-0.579890	-0.579890	-0.579890	-0.579890	-0.579890	-0.579890	-0.579890	-0.579890	-0.579890	-0.579890	-0.579890	-0.579890	-0.579890	-0.579890	-0.579890	-0.579890	-0.579890	-0.579890	-0.579890
-0.188680	-0.188680	-0.188680	-0.188680	-0.188680	-0.188680	-0.188680	-0.188680	-0.188680	-0.188680	-0.188680	-0.188680	-0.188680	-0.188680	-0.188680	-0.188680	-0.188680	-0.188680	-0.188680	-0.188680	-0.188680	-0.188680	-0.188680	-0.188680	-0.188680	-0.188680	-0.188680	-0.188680	-0.188680	-0.188680	-0.188680	-0.188680
-0.274200	-0.274200	-0.274200	-0.274200	-0.274200	-0.274200	-0.274200	-0.274200	-0.274200	-0.274200	-0.274200	-0.274200	-0.274200	-0.274200	-0.274200	-0.274200	-0.274200	-0.274200	-0.274200	-0.274200	-0.274200	-0.274200	-0.274200	-0.274200	-0.274200	-0.274200	-0.274200	-0.274200	-0.274200	-0.274200	-0.274200	-0.274200
-0.200350	-0.200350	-0.200350	-0.200350	-0.200350	-0.200350	-0.200350	-0.200350	-0.200350	-0.200350	-0.200350	-0.200350	-0.200350	-0.200350	-0.200350	-0.200350	-0.200350	-0.200350	-0.200350	-0.200350	-0.200350	-0.200350	-0.200350	-0.200350	-0.200350	-0.200350	-0.200350	-0.200350	-0.200350	-0.200350	-0.200350	-0.200350
-0.228610	-0.228610	-0.228610	-0.228610	-0.228610	-0.228610	-0.228610	-0.228610	-0.228610	-0.228610	-0.228610	-0.228610	-0.228610	-0.228610	-0.228610	-0.228610	-0.228610	-0.228610	-0.228610	-0.228610	-0.228610	-0.228610	-0.228610	-0.228610	-0.228610	-0.228610	-0.228610	-0.228610	-0.228610	-0.228610	-0.228610	-0.228610
-0.199700	-0.199700	-0.199700	-0.199700	-0.199700	-0.199700	-0.199700	-0.199700	-0.199700	-0.199700	-0.199700	-0.199700	-0.199700	-0.199700	-0.199700	-0.199700	-0.199700	-0.199700	-0.199700	-0.199700	-0.199700	-0.199700	-0.199700	-0.199700	-0.199700	-0.199700	-0.199700	-0.199700	-0.199700	-0.199700	-0.199700	-0.199700
-0.206100	-0.206100	-0.206100	-0.206100	-0.206100	-0.206100	-0.206100	-0.206100	-0.206100	-0.206100	-0.206100	-0.206100	-0.206100	-0.206100	-0.206100	-0.206100	-0.206100	-0.206100	-0.206100	-0.206100	-0.206100	-0.206100	-0.206100	-0.206100	-0.206100	-0.206100	-0.206100	-0.206100	-0.206100	-0.206100	-0.206100	-0.206100
-0.194480	-0.194480	-0.194480	-0.194480	-0.194480	-0.194480	-0.194480	-0.194480	-0.194480	-0.194480	-0.194480	-0.194480	-0.194480	-0.194480	-0.194480	-0.194480	-0.194480	-0.194480	-0.194480	-0.194480	-0.194480	-0.194480	-0.194480	-0.194480	-0.194480	-0.194480	-0.194480	-0.194480	-0.194480	-0.194480	-0.194480	-0.194480
-0.189080	-0.189080	-0.189080	-0.189080	-0.189080	-0.189080	-0.189080	-0.189080	-0.189080	-0.189080	-0.189080	-0.189080	-0.189080	-0.189080	-0.189080	-0.189080	-0.189080	-0.189080	-0.189080	-0.189080	-0.189080	-0.189080	-0.189080	-0.189080	-0.189080	-0.189080	-0.189080	-0.189080	-0.189080	-0.189080	-0.189080	-0.189080
-0.185000	-0.185000	-0.185000	-0.185000	-0.185000	-0.185000	-0.185000	-0.185000	-0.185000	-0.185000	-0.185000	-0.185000	-0.185000	-0.185000	-0.185000	-0.185000	-0.185000	-0.185000	-0.185000	-0.185000	-0.185000	-0.185000	-0.185000	-0.185000	-0.185000	-0.185000	-0.185000	-0.185000	-0.185000	-0.185000	-0.185000	-0.185000
-0.169470	-0.169470	-0.169470	-0.169470	-0.169470	-0.169470	-0.169470	-0.169470	-0.169470	-0.169470	-0.169470	-0.169470	-0.169470	-0.169470	-0.169470	-0.169470	-0.169470	-0.169470	-0.169470	-0.169470	-0.169470	-0.169470	-0.169470	-0.169470	-0.169470	-0.169470	-0.169470	-0.169470	-0.169470	-0.169470	-0.169470	-0.169470
-0.150980	-0.150980	-0.150980	-0.150980	-0.150980	-0.150980	-0.150980	-0.150980	-0.150980	-0.150980	-0.150980	-0.150980	-0.150980	-0.150980	-0.150980	-0.150980	-0.150980	-0.150980	-0.150980	-0.150980	-0.150980	-0.150980	-0.150980	-0.150980	-0.150980	-0.150980	-0.150980	-0.150980	-0.150980	-0.150980	-0.150980	-0.150980
-0.129900	-0.129900	-0.129900	-0.129900	-0.129900	-0.129900	-0.129900	-0.129900	-0.129900	-0.129900	-0.129900	-0.129900	-0.129900	-0.129900	-0.129900	-0.129900	-0.129900	-0.129900	-0.129900	-0.129900	-0.129900	-0.129900	-0.129900	-0.129900	-0.129900	-0.129900	-0.129900	-0.129900	-0.129900	-0.129900	-0.129900	-0.129900
-0.129900	-0.129900	-0.129900	-0.129900	-0.129900	-0.129900	-0.129900	-0.129900	-0.129900	-0.129900	-0.129900	-0.129900	-0.129900	-0.129900	-0.129900	-0.129900	-0.129900	-0.129900	-0.129900	-0.129900	-0.129900	-0.129900	-0.129900	-0.129900	-0.129900	-0.129900	-0.129900	-0.129900	-0.129900	-0.129900	-0.129900	-0.129900
-0.129900	-0.129900	-0.129900	-0.129900	-0.129900	-0.129900	-0.129900	-0.129900	-0.129900	-0.129900	-0.129900	-0.129900	-0.129900	-0.129900	-0.129900	-0.129900	-0.129900	-0.129900	-0.129900	-0.129900	-0.129900	-0.129900	-0.129900	-0.129900	-0.129900	-0.129900	-0.129900	-0.129900	-0.129900	-0.129900	-0.129900	-0.129900
-0.129900	-0.129900	-0.129900	-0.129900	-0.129900	-0.129900	-0.129900	-0.129900	-0.129900	-0.129900	-0.129900	-0.129900	-0.129900	-0.129900	-0.129900	-0.129900	-0.129900	-0.129900	-0.129900	-0.129900	-0.129900	-0.129900	-0.129900	-0.129900	-0.129900	-0.129900	-0.129900	-0.129900	-0.129900	-0.129900	-0.129900	-0.129900
-0.129900	-0.129900	-0.129900	-0.129900	-0.129900	-0.129900	-0.129900	-0.129900	-0.129900	-0.129900	-0.129900	-0.129900	-0.129900	-0.129900	-0.129900	-0.129900	-0.129900	-0.129900	-0.129900	-0.129900	-0.129900	-0.129900	-0.129900	-0.129900	-0.129900	-0.129900	-0.129900	-0.129900	-0.129900	-0.129900	-0.129900	-0.129900
-0.129900	-0.129900	-0.129900	-0.129900	-0.129900	-0.129900	-0.129900	-0.129900	-0.129900	-0.129900	-0.129900	-0.129900	-0.129900	-0.129900	-0.129900	-0.129900	-0.129900	-0.129900	-0.129900	-0.129900	-0.129900	-0.129900	-0.129900	-0.129900	-0.129900	-0.129900	-0.129900	-0.129900	-0.129900	-0.129900	-0.129900	-0.129900
-0.129900	-0.129900	-0.129900	-0.129900	-0.129900	-0.129900	-0.129900	-0.129900	-0.129900	-0.129900	-0.129900	-0.129900	-0.129900	-0.129900	-0.129900	-0.129900	-0.129900	-0.129900	-0.129900	-0.129900	-0.129900	-0.129900	-0.129900	-0.129900	-0.129900	-0.129900	-0.129900	-0.129900	-0.129900	-0.129900	-0.129900	-0.129900
-0.129900	-0.129900	-0.129900	-0.129900	-0.129900	-0.129900	-0.129900	-0.129900	-0.129900	-0.129900	-0.129900	-0.129900	-0.129900	-0.129900	-0.129900	-0.129900	-0.129900	-0.129900	-0.129900	-0.129900	-0.129900	-0.129900	-0.129900	-0.129900	-0.129900	-0.129900	-0.129900	-0.129900	-0.129900	-0.129900	-0.129900	-0.129900
-0.129900	-0.129900	-0.129900	-0.129900	-0.129900	-0.129900	-0.129900	-0.129900	-0.129900	-0.129900	-0.129900	-0.129900	-0.129900	-0.129900	-0.129900	-0.129900	-0.129900	-0.129900	-0.129900	-0.129900	-0.129900	-0.129900	-0.129900	-0.129900	-0.129900	-0.129900	-0.129900	-0.129900	-0.129900	-0.129900	-0.129900	-0.129900
-0.129900	-0.129900	-0.129900	-0.129900	-0.129900	-0.129900	-0.129900	-0.129900	-0.129900	-0.129900	-0.129900	-0.129900	-0.129900	-0.129900	-0.129900	-0.129900	-0.129900	-0.129900	-0.129900	-0.129900	-0.129900	-0.129900	-0.129900	-0.129900	-0.129900	-0.129900	-0.129900	-0.129900	-0.129900	-0.129900	-0.129900	-0.129900
-0.129900	-0.129900	-0.129900	-0.129900	-0.129900	-0.129900	-0.129900	-0.129900	-0.129900	-0.129900	-0.129900	-0.129900	-0.129900	-0.129900	-0.129900	-0.129900	-0.129900	-0.129900	-0.129900	-0.129900	-0.129900	-0.129900	-0.129900	-0.129900	-0.129900	-0.129900	-0.129900	-0.129900	-0.129900	-0.129900	-0.129900	-0.129900
-0.129900	-0.129900	-0.129900	-0.129900	-0.129900	-0.129900	-0.129900	-0.129900	-0.129900	-0.129900	-0.129900	-0.129900	-0.129900	-0.129900	-0.129900	-0.129900	-0.129900	-0.129900	-0.129900	-0.129900	-0.129900	-0.129900	-0.129900	-0.129900	-0.129900	-0.129900	-0.129900	-0.129900	-0.129900	-0.129900	-0.129900	-0.129900
-0.129900	-0.129900	-0.129900	-0.129900	-0.129900	-0.129900	-0.129900	-0.129900	-0.129900	-0.129900	-0.129900	-0.129900	-0.129900	-0.129900	-0.129900	-0.129900	-0.129900	-0.129900	-0.129900	-0.129900	-0.129900	-0.129900	-0.129900	-0.129900	-0.129900	-0.129900	-0.129900	-0.129900	-0.129900	-0.129900	-0.129900	-0.129900
-0.129900	-0.129900	-0.129900	-0.129900	-0.129900	-0.129900	-0.129900	-0.129900	-0.129900	-0.129900	-0.129900	-0.129900	-0.129900	-0.129900	-0.129900	-0.129900	-0.129900	-0.129900	-0.129900	-0.129900	-0.129900	-0.129900	-0.129900	-0.129900	-0.129900	-0.129900	-0.129900	-0.129900	-0.129900	-0.129900	-0.129900	-0.129900
-0.129900	-0.129900	-0.129900	-0.129900	-0.129900	-0.129900	-0.129900	-0.129900	-0.129900	-0.129900	-0.129900	-0.129900	-0.129900	-0.129900	-0.129900	-0.129900	-0.129900	-0.129900	-0.129900	-0.129900	-0.129900	-0.129900	-0.129900	-0.129900	-0.129900	-0.129900	-0.129900	-0.129900	-0.129900	-0.129900	-0.129900	-0.129900
-0.129900	-0.129900	-0.129900	-0.129900	-0.129900	-0.129900	-0.129900	-0.129900	-0.129900	-0.129900	-0.129900	-0.129900	-0.129900	-0.129900	-0.129900	-0.129900	-0.129900	-0.129900	-0.129900	-0.129900	-0.129900	-0.129900	-0.129900	-0.129900	-0.129900	-0.129900	-0.129900	-0.129900	-0.129900	-0.129900	-0.129900	-0.129900
-0.129900	-0.129900	-0.129900	-0.129900	-0.129900	-0.129900	-0.129900	-0.129900	-0.129900	-0.129900	-0.129900	-0.129900	-0.129900	-0.129900	-0.129900	-0.129900	-0.129900	-0.129900	-0.129900	-0.129900	-0.129900	-0.129900	-0.129900	-0.129900	-0.129900	-0.129900	-0.129900	-0.129900	-0.129900	-0.129900	-0.129900	-0.129900
-0.129900	-0.129900	-0.129900	-0.129900	-0.129900	-0.129900	-0.129900	-0.129900	-0.129900	-0.129900	-0.129900	-0.129900	-0.129900	-0.129900	-0.129900	-0.129900	-0.129900	-0.129900	-0.129900	-0.129900	-0.129900	-0.129900	-0.129900	-0.129900	-0.129900	-0.129900	-0.129900	-0.129900	-0.129900	-0.129900	-0.129900	-0.129900
-0.129900	-0.129900	-0.129900	-0.129900	-0.129900	-0.129900	-0.129900	-0.129900	-0.129900	-0.129900	-0.129900	-0.129900	-0.129900	-0.129900	-0.129900	-0.129900	-0.129900	-0.129900	-0.129900	-0.129900	-0.129900	-0.129900	-0.129900	-0.129900	-0.129900	-0.129900	-0.129900	-0.129900	-0.129900	-0.129900	-0.129900	-0.129900
-0.129900	-0.129900	-0.129900	-0.129900	-0.129900	-0.129900	-0.129900	-0.129900	-0.129900	-0.129900	-0.129900	-0.129900	-0.129900	-0.129900	-0.129900	-0.129900	-0.129900	-0.129900	-0.129900	-0.129900	-0.129900	-0.129900	-0.129900	-0.129900	-0.129900	-0.129900	-0.129900	-0.129900	-0.129900	-0.129900	-0.129900	-0.129900
-0.129900	-0.129900	-0.129900	-0.129900	-0.129900	-0.129900	-0.129900	-0.129900	-0.129900	-0.129900	-0.129900	-0.129900	-0.129900	-0.129900	-0.129900	-0.129900	-0.129900	-0.129900	-0.129900	-0.129900	-0.129900	-0.129900	-0.129900	-0.129900	-0.129900	-0.129900	-0.129900	-0.129900	-0.129900	-0.129900	-0.129900	-0.129900
-0.129900	-0.129900	-0.129900	-0.129900	-0.129900	-0.129900	-0.129900	-0.129900	-0.129900	-0.129900	-0.129900	-0.129900	-0.129900	-0.129900	-0.129900	-0.129900	-0.129900	-0.129900	-0.129900	-0.129900	-0.129900	-0.129900	-0.129900	-0.129900	-0.129900	-0.129900	-0.129900	-0.129900	-0.129900	-0.129900	-0.129900	-0.129900
-0.129900	-0.129900	-0.129900	-0.129900	-0.129900	-0.129900	-0.129900	-0.129900	-0.129900	-0.129900	-0.129900	-0.129900	-0.129900	-0.129900	-0.129900	-0.129900	-0.129900	-0.129900	-0.129900	-0.129900	-0.129900	-0.129900	-0.129900	-0.129900	-0.129900	-0.129900	-0.129900	-0.129900	-0.129900	-0.129900	-0.129900	-0.129900
-0.129900	-0.129900	-0.129900	-0.129900	-0.129900	-0.129900	-0.129900	-0.129900	-0.129900	-0.129900	-0.129900	-0.129900	-0.129900	-0.129900	-0.129900	-0.129900	-0.129900	-0.129900	-0.129900	-0.129900	-0.129900	-0.129900	-0.129900	-0.129900	-0.129900	-0.129900	-0.129900	-0.129900	-0.129900	-0.129900	-0.129900	-0.129900
-0.129900	-0.129900	-0.129900	-0.129900	-0.129900	-0.129900	-0.129900	-0.129900	-0.129900	-0.129900	-0.129900	-0.129900	-0.129900	-0.129900	-0.129900	-0.129900	-0.129900	-0.129900	-0.129900	-0.129900	-0.129900	-0.129900	-0.129900	-0.129900	-0.129900	-0.129900	-0.129900	-0.129900	-0.129900	-0.129900	-0.129900	-0.129900
-0.129900	-0.129900	-0.129900	-0.129900	-0.129900	-0.129900	-0.129900	-0.129900	-0.129900	-0.129900	-0.129900	-0.129900	-0.129900	-0.129900	-0.129900	-0.129900	-0.129900	-0.129900	-0.129900	-0.129900	-0.129900	-0.129900	-0.129900	-0.129900	-0.129900	-0.129900	-0.129900	-0.129900	-0.129900	-0.129900	-0.129900	-0.129900
