6.144410	6.144410	6.144410	6.144410	6.144410	6.144410	6.144410	6.144410	6.144410	6.144410	6.144410	6.144410	6.144410	6.144410	6.144410	6.144410	6.144410	6.144410	6.144410	6.144410	6.144410	6.144410	6.144410	6.144410	6.144410	6.144410	6.144410	6.144410	6.144410	6.144410	6.144410	6.144410
-0.575200	-0.575200	-0.575200	-0.575200	-0.575200	-0.575200	-0.575200	-0.575200	-0.575200	-0.575200	-0.575200	-0.575200	-0.575200	-0.575200	-0.575200	-0.575200	-0.575200	-0.575200	-0.575200	-0.575200	-0.575200	-0.575200	-0.575200	-0.575200	-0.575200	-0.575200	-0.575200	-0.575200	-0.575200	-0.575200	-0.575200	-0.575200
-0.188390	-0.188390	-0.188390	-0.188390	-0.188390	-0.188390	-0.188390	-0.188390	-0.188390	-0.188390	-0.188390	-0.188390	-0.188390	-0.188390	-0.188390	-0.188390	-0.188390	-0.188390	-0.188390	-0.188390	-0.188390	-0.188390	-0.188390	-0.188390	-0.188390	-0.188390	-0.188390	-0.188390	-0.188390	-0.188390	-0.188390	-0.188390
-0.272950	-0.272950	-0.272950	-0.272950	-0.272950	-0.272950	-0.272950	-0.272950	-0.272950	-0.272950	-0.272950	-0.272950	-0.272950	-0.272950	-0.272950	-0.272950	-0.272950	-0.272950	-0.272950	-0.272950	-0.272950	-0.272950	-0.272950	-0.272950	-0.272950	-0.272950	-0.272950	-0.272950	-0.272950	-0.272950	-0.272950	-0.272950
-0.199930	-0.199930	-0.199930	-0.199930	-0.199930	-0.199930	-0.199930	-0.199930	-0.199930	-0.199930	-0.199930	-0.199930	-0.199930	-0.199930	-0.199930	-0.199930	-0.199930	-0.199930	-0.199930	-0.199930	-0.199930	-0.199930	-0.199930	-0.199930	-0.199930	-0.199930	-0.199930	-0.199930	-0.199930	-0.199930	-0.199930	-0.199930
-0.227870	-0.227870	-0.227870	-0.227870	-0.227870	-0.227870	-0.227870	-0.227870	-0.227870	-0.227870	-0.227870	-0.227870	-0.227870	-0.227870	-0.227870	-0.227870	-0.227870	-0.227870	-0.227870	-0.227870	-0.227870	-0.227870	-0.227870	-0.227870	-0.227870	-0.227870	-0.227870	-0.227870	-0.227870	-0.227870	-0.227870	-0.227870
-0.199290	-0.199290	-0.199290	-0.199290	-0.199290	-0.199290	-0.199290	-0.199290	-0.199290	-0.199290	-0.199290	-0.199290	-0.199290	-0.199290	-0.199290	-0.199290	-0.199290	-0.199290	-0.199290	-0.199290	-0.199290	-0.199290	-0.199290	-0.199290	-0.199290	-0.199290	-0.199290	-0.199290	-0.199290	-0.199290	-0.199290	-0.199290
-0.205610	-0.205610	-0.205610	-0.205610	-0.205610	-0.205610	-0.205610	-0.205610	-0.205610	-0.205610	-0.205610	-0.205610	-0.205610	-0.205610	-0.205610	-0.205610	-0.205610	-0.205610	-0.205610	-0.205610	-0.205610	-0.205610	-0.205610	-0.205610	-0.205610	-0.205610	-0.205610	-0.205610	-0.205610	-0.205610	-0.205610	-0.205610
-0.194140	-0.194140	-0.194140	-0.194140	-0.194140	-0.194140	-0.194140	-0.194140	-0.194140	-0.194140	-0.194140	-0.194140	-0.194140	-0.194140	-0.194140	-0.194140	-0.194140	-0.194140	-0.194140	-0.194140	-0.194140	-0.194140	-0.194140	-0.194140	-0.194140	-0.194140	-0.194140	-0.194140	-0.194140	-0.194140	-0.194140	-0.194140
-0.188790	-0.188790	-0.188790	-0.188790	-0.188790	-0.188790	-0.188790	-0.188790	-0.188790	-0.188790	-0.188790	-0.188790	-0.188790	-0.188790	-0.188790	-0.188790	-0.188790	-0.188790	-0.188790	-0.188790	-0.188790	-0.188790	-0.188790	-0.188790	-0.188790	-0.188790	-0.188790	-0.188790	-0.188790	-0.188790	-0.188790	-0.188790
-0.184760	-0.184760	-0.184760	-0.184760	-0.184760	-0.184760	-0.184760	-0.184760	-0.184760	-0.184760	-0.184760	-0.184760	-0.184760	-0.184760	-0.184760	-0.184760	-0.184760	-0.184760	-0.184760	-0.184760	-0.184760	-0.184760	-0.184760	-0.184760	-0.184760	-0.184760	-0.184760	-0.184760	-0.184760	-0.184760	-0.184760	-0.184760
-0.169400	-0.169400	-0.169400	-0.169400	-0.169400	-0.169400	-0.169400	-0.169400	-0.169400	-0.169400	-0.169400	-0.169400	-0.169400	-0.169400	-0.169400	-0.169400	-0.169400	-0.169400	-0.169400	-0.169400	-0.169400	-0.169400	-0.169400	-0.169400	-0.169400	-0.169400	-0.169400	-0.169400	-0.169400	-0.169400	-0.169400	-0.169400
-0.151110	-0.151110	-0.151110	-0.151110	-0.151110	-0.151110	-0.151110	-0.151110	-0.151110	-0.151110	-0.151110	-0.151110	-0.151110	-0.151110	-0.151110	-0.151110	-0.151110	-0.151110	-0.151110	-0.151110	-0.151110	-0.151110	-0.151110	-0.151110	-0.151110	-0.151110	-0.151110	-0.151110	-0.151110	-0.151110	-0.151110	-0.151110
-0.130260	-0.130260	-0.130260	-0.130260	-0.130260	-0.130260	-0.130260	-0.130260	-0.130260	-0.130260	-0.130260	-0.130260	-0.130260	-0.130260	-0.130260	-0.130260	-0.130260	-0.130260	-0.130260	-0.130260	-0.130260	-0.130260	-0.130260	-0.130260	-0.130260	-0.130260	-0.130260	-0.130260	-0.130260	-0.130260	-0.130260	-0.130260
-0.130260	-0.130260	-0.130260	-0.130260	-0.130260	-0.130260	-0.130260	-0.130260	-0.130260	-0.130260	-0.130260	-0.130260	-0.130260	-0.130260	-0.130260	-0.130260	-0.130260	-0.130260	-0.130260	-0.130260	-0.130260	-0.130260	-0.130260	-0.130260	-0.130260	-0.130260	-0.130260	-0.130260	-0.130260	-0.130260	-0.130260	-0.130260
-0.130260	-0.130260	-0.130260	-0.130260	-0.130260	-0.130260	-0.130260	-0.130260	-0.130260	-0.130260	-0.130260	-0.130260	-0.130260	-0.130260	-0.130260	-0.130260	-0.130260	-0.130260	-0.130260	-0.130260	-0.130260	-0.130260	-0.130260	-0.130260	-0.130260	-0.130260	-0.130260	-0.130260	-0.130260	-0.130260	-0.130260	-0.130260
-0.130260	-0.130260	-0.130260	-0.130260	-0.130260	-0.130260	-0.130260	-0.130260	-0.130260	-0.130260	-0.130260	-0.130260	-0.130260	-0.130260	-0.130260	-0.130260	-0.130260	-0.130260	-0.130260	-0.130260	-0.130260	-0.130260	-0.130260	-0.130260	-0.130260	-0.130260	-0.130260	-0.130260	-0.130260	-0.130260	-0.130260	-0.130260
-0.130260	-0.130260	-0.130260	-0.130260	-0.130260	-0.130260	-0.130260	-0.130260	-0.130260	-0.130260	-0.130260	-0.130260	-0.130260	-0.130260	-0.130260	-0.130260	-0.130260	-0.130260	-0.130260	-0.130260	-0.130260	-0.130260	-0.130260	-0.130260	-0.130260	-0.130260	-0.130260	-0.130260	-0.130260	-0.130260	-0.130260	-0.130260
-0.130260	-0.130260	-0.130260	-0.130260	-0.130260	-0.130260	-0.130260	-0.130260	-0.130260	-0.130260	-0.130260	-0.130260	-0.130260	-0.130260	-0.130260	-0.130260	-0.130260	-0.130260	-0.130260	-0.130260	-0.130260	-0.130260	-0.130260	-0.130260	-0.130260	-0.130260	-0.130260	-0.130260	-0.130260	-0.130260	-0.130260	-0.130260
-0.130260	-0.130260	-0.130260	-0.130260	-0.130260	-0.130260	-0.130260	-0.130260	-0.130260	-0.130260	-0.130260	-0.130260	-0.130260	-0.130260	-0.130260	-0.130260	-0.130260	-0.130260	-0.130260	-0.130260	-0.130260	-0.130260	-0.130260	-0.130260	-0.130260	-0.130260	-0.130260	-0.130260	-0.130260	-0.130260	-0.130260	-0.130260
-0.130260	-0.130260	-0.130260	-0.130260	-0.130260	-0.130260	-0.130260	-0.130260	-0.130260	-0.130260	-0.130260	-0.130260	-0.130260	-0.130260	-0.130260	-0.130260	-0.130260	-0.130260	-0.130260	-0.130260	-0.130260	-0.130260	-0.130260	-0.130260	-0.130260	-0.130260	-0.130260	-0.130260	-0.130260	-0.130260	-0.130260	-0.130260
-0.130260	-0.130260	-0.130260	-0.130260	-0.130260	-0.130260	-0.130260	-0.130260	-0.130260	-0.130260	-0.130260	-0.130260	-0.130260	-0.130260	-0.130260	-0.130260	-0.130260	-0.130260	-0.130260	-0.130260	-0.130260	-0.130260	-0.130260	-0.130260	-0.130260	-0.130260	-0.130260	-0.130260	-0.130260	-0.130260	-0.130260	-0.130260
-0.130260	-0.130260	-0.130260	-0.130260	-0.130260	-0.130260	-0.130260	-0.130260	-0.130260	-0.130260	-0.130260	-0.130260	-0.130260	-0.130260	-0.130260	-0.130260	-0.130260	-0.130260	-0.130260	-0.130260	-0.130260	-0.130260	-0.130260	-0.130260	-0.130260	-0.130260	-0.130260	-0.130260	-0.130260	-0.130260	-0.130260	-0.130260
-0.130260	-0.130260	-0.130260	-0.130260	-0.130260	-0.130260	-0.130260	-0.130260	-0.130260	-0.130260	-0.130260	-0.130260	-0.130260	-0.130260	-0.130260	-0.130260	-0.130260	-0.130260	-0.130260	-0.130260	-0.130260	-0.130260	-0.130260	-0.130260	-0.130260	-0.130260	-0.130260	-0.130260	-0.130260	-0.130260	-0.130260	-0.130260
-0.130260	-0.130260	-0.130260	-0.130260	-0.130260	-0.130260	-0.130260	-0.130260	-0.130260	-0.130260	-0.130260	-0.130260	-0.130260	-0.130260	-0.130260	-0.130260	-0.130260	-0.130260	-0.130260	-0.130260	-0.130260	-0.130260	-0.130260	-0.130260	-0.130260	-0.130260	-0.130260	-0.130260	-0.130260	-0.130260	-0.130260	-0.130260
-0.130260	-0.130260	-0.130260	-0.130260	-0.130260	-0.130260	-0.130260	-0.130260	-0.130260	-0.130260	-0.130260	-0.130260	-0.130260	-0.130260	-0.130260	-0.130260	-0.130260	-0.130260	-0.130260	-0.130260	-0.130260	-0.130260	-0.130260	-0.130260	-0.130260	-0.130260	-0.130260	-0.130260	-0.130260	-0.130260	-0.130260	-0.130260
-0.130260	-0.130260	-0.130260	-0.130260	-0.130260	-0.130260	-0.130260	-0.130260	-0.130260	-0.130260	-0.130260	-0.130260	-0.130260	-0.130260	-0.130260	-0.130260	-0.130260	-0.130260	-0.130260	-0.130260	-0.130260	-0.130260	-0.130260	-0.130260	-0.130260	-0.130260	-0.130260	-0.130260	-0.130260	-0.130260	-0.130260	-0.130260
-0.130260	-0.130260	-0.130260	-0.130260	-0.130260	-0.130260	-0.130260	-0.130260	-0.130260	-0.130260	-0.130260	-0.130260	-0.130260	-0.130260	-0.130260	-0.130260	-0.130260	-0.130260	-0.130260	-0.130260	-0.130260	-0.130260	-0.130260	-0.130260	-0.130260	-0.130260	-0.130260	-0.130260	-0.130260	-0.130260	-0.130260	-0.130260
-0.130260	-0.130260	-0.130260	-0.130260	-0.130260	-0.130260	-0.130260	-0.130260	-0.130260	-0.130260	-0.130260	-0.130260	-0.130260	-0.130260	-0.130260	-0.130260	-0.130260	-0.130260	-0.130260	-0.130260	-0.130260	-0.130260	-0.130260	-0.130260	-0.130260	-0.130260	-0.130260	-0.130260	-0.130260	-0.130260	-0.130260	-0.130260
-0.130260	-0.130260	-0.130260	-0.130260	-0.130260	-0.130260	-0.130260	-0.130260	-0.130260	-0.130260	-0.130260	-0.130260	-0.130260	-0.130260	-0.130260	-0.130260	-0.130260	-0.130260	-0.130260	-0.130260	-0.130260	-0.130260	-0.130260	-0.130260	-0.130260	-0.130260	-0.130260	-0.130260	-0.130260	-0.130260	-0.130260	-0.130260
-0.130260	-0.130260	-0.130260	-0.130260	-0.130260	-0.130260	-0.130260	-0.130260	-0.130260	-0.130260	-0.130260	-0.130260	-0.130260	-0.130260	-0.130260	-0.130260	-0.130260	-0.130260	-0.130260	-0.130260	-0.130260	-0.130260	-0.130260	-0.130260	-0.130260	-0.130260	-0.130260	-0.130260	-0.130260	-0.130260	-0.130260	-0.130260
-0.130260	-0.130260	-0.130260	-0.130260	-0.130260	-0.130260	-0.130260	-0.130260	-0.130260	-0.130260	-0.130260	-0.130260	-0.130260	-0.130260	-0.130260	-0.130260	-0.130260	-0.130260	-0.130260	-0.130260	-0.130260	-0.130260	-0.130260	-0.130260	-0.130260	-0.130260	-0.130260	-0.130260	-0.130260	-0.130260	-0.130260	-0.130260
-0.130260	-0.130260	-0.130260	-0.130260	-0.130260	-0.130260	-0.130260	-0.130260	-0.130260	-0.130260	-0.130260	-0.130260	-0.130260	-0.130260	-0.130260	-0.130260	-0.130260	-0.130260	-0.130260	-0.130260	-0.130260	-0.130260	-0.130260	-0.130260	-0.130260	-0.130260	-0.130260	-0.130260	-0.130260	-0.130260	-0.130260	-0.130260
-0.130260	-0.130260	-0.130260	-0.130260	-0.130260	-0.130260	-0.130260	-0.130260	-0.130260	-0.130260	-0.130260	-0.130260	-0.130260	-0.130260	-0.130260	-0.130260	-0.130260	-0.130260	-0.130260	-0.130260	-0.130260	-0.130260	-0.130260	-0.130260	-0.130260	-0.130260	-0.130260	-0.130260	-0.130260	-0.130260	-0.130260	-0.130260
-0.130260	-0.130260	-0.130260	-0.130260	-0.130260	-0.130260	-0.130260	-0.130260	-0.130260	-0.130260	-0.130260	-0.130260	-0.130260	-0.130260	-0.130260	-0.130260	-0.130260	-0.130260	-0.130260	-0.130260	-0.130260	-0.130260	-0.130260	-0.130260	-0.130260	-0.130260	-0.130260	-0.130260	-0.130260	-0.130260	-0.130260	-0.130260
-0.130260	-0.130260	-0.130260	-0.130260	-0.130260	-0.130260	-0.130260	-0.130260	-0.130260	-0.130260	-0.130260	-0.130260	-0.130260	-0.130260	-0.130260	-0.130260	-0.130260	-0.130260	-0.130260	-0.130260	-0.130260	-0.130260	-0.130260	-0.130260	-0.130260	-0.130260	-0.130260	-0.130260	-0.130260	-0.130260	-0.130260	-0.130260
-0.130260	-0.130260	-0.130260	-0.130260	-0.130260	-0.130260	-0.130260	-0.130260	-0.130260	-0.130260	-0.130260	-0.130260	-0.130260	-0.130260	-0.130260	-0.130260	-0.130260	-0.130260	-0.130260	-0.130260	-0.130260	-0.130260	-0.130260	-0.130260	-0.130260	-0.130260	-0.130260	-0.130260	-0.130260	-0.130260	-0.130260	-0.130260
-0.130260	-0.130260	-0.130260	-0.130260	-0.130260	-0.130260	-0.130260	-0.130260	-0.130260	-0.130260	-0.130260	-0.130260	-0.130260	-0.130260	-0.130260	-0.130260	-0.130260	-0.130260	-0.130260	-0.130260	-0.130260	-0.130260	-0.130260	-0.130260	-0.130260	-0.130260	-0.130260	-0.130260	-0.130260	-0.130260	-0.130260	-0.130260
-0.130260	-0.130260	-0.130260	-0.130260	-0.130260	-0.130260	-0.130260	-0.130260	-0.130260	-0.130260	-0.130260	-0.130260	-0.130260	-0.130260	-0.130260	-0.130260	-0.130260	-0.130260	-0.130260	-0.130260	-0.130260	-0.130260	-0.130260	-0.130260	-0.130260	-0.130260	-0.130260	-0.130260	-0.130260	-0.130260	-0.130260	-0.130260
