0.000000	0.000000	0.000000	0.000000	0.000000	0.000000	0.000000	0.000000	0.000000	0.000000	0.000000	0.000000	0.000000	0.000000	0.000000	0.000000	3.184070	3.453240	3.489290	3.525880	3.575910	3.521070	3.540420	3.545140	3.485840	3.525430	3.313340	3.295300	3.357750	3.328350	3.300090	3.159180
0.000000	0.000000	0.000000	0.000000	0.000000	0.000000	0.000000	0.000000	0.000000	0.000000	0.000000	0.000000	0.000000	0.000000	0.000000	0.000000	-0.102760	-0.122470	-0.114500	-0.150700	-0.173810	-0.133240	-0.118920	-0.123850	-0.099330	-0.158320	-0.076560	-0.065680	-0.127380	-0.105180	-0.089740	-0.075200
0.000000	0.000000	0.000000	0.000000	0.000000	0.000000	0.000000	0.000000	0.000000	0.000000	0.000000	0.000000	0.000000	0.000000	0.000000	0.000000	-0.280420	-0.239560	-0.285030	-0.268420	-0.256260	-0.269850	-0.267830	-0.267520	-0.268910	-0.234860	-0.255920	-0.228960	-0.167500	-0.131310	-0.122820	-0.197760
0.000000	0.000000	0.000000	0.000000	0.000000	0.000000	0.000000	0.000000	0.000000	0.000000	0.000000	0.000000	0.000000	0.000000	0.000000	0.000000	-0.025650	-0.136040	-0.074510	-0.063050	-0.037170	-0.103340	-0.088260	-0.094380	-0.118250	-0.059450	-0.094880	-0.017890	-0.091930	-0.139180	-0.180310	-0.105220
0.000000	0.000000	0.000000	0.000000	0.000000	0.000000	0.000000	0.000000	0.000000	0.000000	0.000000	0.000000	0.000000	0.000000	0.000000	0.000000	-0.015050	0.039900	-0.008170	-0.030610	-0.101900	0.028720	-0.007610	-0.005250	0.012880	-0.090460	-0.039480	-0.234600	-0.145760	-0.159690	-0.129330	-0.103400
0.000000	0.000000	0.000000	0.000000	0.000000	0.000000	0.000000	0.000000	0.000000	0.000000	0.000000	0.000000	0.000000	0.000000	0.000000	0.000000	-0.130160	-0.136270	-0.087030	-0.087440	-0.005880	-0.163370	-0.105050	-0.120250	-0.111240	-0.029910	-0.113520	0.021070	-0.103250	-0.059070	-0.074000	-0.073020
0.000000	0.000000	0.000000	0.000000	0.000000	0.000000	0.000000	0.000000	0.000000	0.000000	0.000000	0.000000	0.000000	0.000000	0.000000	0.000000	-0.107030	-0.202990	-0.224750	-0.200970	-0.267630	-0.148040	-0.219680	-0.212710	-0.267040	-0.247470	-0.182050	-0.197060	-0.144020	-0.140200	-0.149750	-0.214890
0.000000	0.000000	0.000000	0.000000	0.000000	0.000000	0.000000	0.000000	0.000000	0.000000	0.000000	0.000000	0.000000	0.000000	0.000000	0.000000	-0.117660	-0.155050	-0.214230	-0.282690	-0.223310	-0.275280	-0.187120	-0.202200	-0.115130	-0.215910	-0.172420	-0.102930	-0.081050	-0.092470	-0.071450	-0.013210
0.000000	0.000000	0.000000	0.000000	0.000000	0.000000	0.000000	0.000000	0.000000	0.000000	0.000000	0.000000	0.000000	0.000000	0.000000	0.000000	-0.046340	-0.225210	-0.047300	0.035520	-0.051180	-0.099680	-0.105100	-0.101760	-0.197620	-0.015570	-0.174890	-0.317330	-0.389830	-0.438480	-0.482000	-0.356590
0.000000	0.000000	0.000000	0.000000	0.000000	0.000000	0.000000	0.000000	0.000000	0.000000	0.000000	0.000000	0.000000	0.000000	0.000000	0.000000	-0.077830	-0.014060	-0.130070	-0.218030	-0.148080	-0.021560	-0.094010	-0.119000	-0.060140	-0.221650	-0.111630	-0.027970	-0.085780	0.006470	0.003700	-0.089040
0.000000	0.000000	0.000000	0.000000	0.000000	0.000000	0.000000	0.000000	0.000000	0.000000	0.000000	0.000000	0.000000	0.000000	0.000000	0.000000	-0.070180	-0.188730	-0.180800	-0.154260	-0.191370	-0.335360	-0.235940	-0.223740	-0.252720	-0.161680	-0.170690	-0.149000	-0.067960	-0.089500	-0.041680	-0.053690
0.000000	0.000000	0.000000	0.000000	0.000000	0.000000	0.000000	0.000000	0.000000	0.000000	0.000000	0.000000	0.000000	0.000000	0.000000	0.000000	-0.093430	-0.047240	0.007840	0.022250	0.038760	0.129330	0.067000	0.062010	0.070610	0.069420	0.013330	-0.014660	-0.008090	-0.081440	-0.130700	-0.044110
0.000000	0.000000	0.000000	0.000000	0.000000	0.000000	0.000000	0.000000	0.000000	0.000000	0.000000	0.000000	0.000000	0.000000	0.000000	0.000000	-0.118840	0.062510	-0.094880	-0.105250	-0.051080	-0.106420	-0.065490	-0.076260	-0.044030	-0.090550	0.006880	0.080100	0.055270	0.134290	0.153800	0.048130
0.000000	0.000000	0.000000	0.000000	0.000000	0.000000	0.000000	0.000000	0.000000	0.000000	0.000000	0.000000	0.000000	0.000000	0.000000	0.000000	3.421450	3.461420	3.241790	2.684670	1.529290	0.230520	-0.912150	-1.806830	-2.074760	-2.042000	-2.148920	-2.501750	-2.449770	-2.308320	-1.642250	-1.670380
0.000000	0.000000	0.000000	0.000000	0.000000	0.000000	0.000000	0.000000	0.000000	0.000000	0.000000	0.000000	0.000000	0.000000	0.000000	0.000000	-0.522100	-0.493600	-0.377320	-0.264620	-0.032720	-0.040220	0.236320	0.550320	0.387710	0.175020	0.158330	0.227910	0.229100	0.304260	0.060340	0.142080
0.000000	0.000000	0.000000	0.000000	0.000000	0.000000	0.000000	0.000000	0.000000	0.000000	0.000000	0.000000	0.000000	0.000000	0.000000	0.000000	0.113380	0.083240	0.050620	0.006610	-0.055840	0.006390	0.143150	0.176790	0.483250	0.894340	1.146460	0.961930	0.708830	0.379030	0.148330	-0.224770
0.000000	0.000000	0.000000	0.000000	0.000000	0.000000	0.000000	0.000000	0.000000	0.000000	0.000000	0.000000	0.000000	0.000000	0.000000	0.000000	-0.417280	-0.519870	-0.484470	-0.410910	-0.364120	0.010460	-0.274790	0.014350	0.008060	-0.028930	-0.459290	-0.436980	-0.428280	-0.528100	-0.346940	-0.297160
0.000000	0.000000	0.000000	0.000000	0.000000	0.000000	0.000000	0.000000	0.000000	0.000000	0.000000	0.000000	0.000000	0.000000	0.000000	0.000000	-0.376270	-0.160590	-0.134040	-0.105490	-0.014190	-0.364230	-0.160120	-0.897500	-1.165290	-1.730100	-1.462540	-1.114890	-0.659650	-0.015580	0.228010	0.739480
0.000000	0.000000	0.000000	0.000000	0.000000	0.000000	0.000000	0.000000	0.000000	0.000000	0.000000	0.000000	0.000000	0.000000	0.000000	0.000000	0.654480	0.317610	0.247260	0.091000	-0.039130	0.137130	-0.151860	0.320950	0.186340	0.652050	0.323770	0.201640	-0.028490	-0.260830	-0.124710	-0.363560
0.000000	0.000000	0.000000	0.000000	0.000000	0.000000	0.000000	0.000000	0.000000	0.000000	0.000000	0.000000	0.000000	0.000000	0.000000	0.000000	-1.306600	-1.002390	-0.943770	-0.744580	-0.657070	-0.331240	-0.083130	-0.024770	0.336950	0.323700	0.742810	0.544800	0.376890	-0.060510	-0.452220	-0.549400
0.000000	0.000000	0.000000	0.000000	0.000000	0.000000	0.000000	0.000000	0.000000	0.000000	0.000000	0.000000	0.000000	0.000000	0.000000	0.000000	-1.199110	-1.424930	-1.140530	-0.846980	-0.120600	0.200120	0.606070	1.011510	1.050840	1.139780	0.922110	1.174340	1.177260	1.426550	1.070030	0.728230
0.000000	0.000000	0.000000	0.000000	0.000000	0.000000	0.000000	0.000000	0.000000	0.000000	0.000000	0.000000	0.000000	0.000000	0.000000	0.000000	-0.005490	-0.116030	-0.194930	-0.201710	-0.536500	0.008200	-1.009530	-1.757770	-2.111870	-2.668720	-3.254840	-2.984130	-2.445210	-2.130780	-0.747100	0.180950
0.000000	0.000000	0.000000	0.000000	0.000000	0.000000	0.000000	0.000000	0.000000	0.000000	0.000000	0.000000	0.000000	0.000000	0.000000	0.000000	-0.793250	-0.369260	-0.291310	-0.297180	-0.026390	-0.419340	0.090450	0.452380	0.041160	0.216480	0.858790	0.742590	0.496430	0.514640	-0.245790	-0.588730
0.000000	0.000000	0.000000	0.000000	0.000000	0.000000	0.000000	0.000000	0.000000	0.000000	0.000000	0.000000	0.000000	0.000000	0.000000	0.000000	-1.127740	-1.754000	-1.717440	-1.466300	-1.177490	-0.341990	-0.043800	0.362750	1.194370	1.667940	1.511030	1.509450	1.386630	0.948880	0.767310	0.432710
0.000000	0.000000	0.000000	0.000000	0.000000	0.000000	0.000000	0.000000	0.000000	0.000000	0.000000	0.000000	0.000000	0.000000	0.000000	0.000000	1.073690	1.569400	1.593040	1.436270	1.158460	0.711830	0.108900	-0.391120	-0.770290	-1.329960	-1.513640	-1.402540	-1.205290	-0.858900	-0.403750	-0.115520
0.000000	0.000000	0.000000	0.000000	0.000000	0.000000	0.000000	0.000000	0.000000	0.000000	0.000000	0.000000	0.000000	0.000000	0.000000	0.000000	0.490160	0.253180	0.167510	-0.014620	-0.110390	-0.467080	0.444520	0.917630	1.064560	1.637890	1.827200	1.538280	1.081850	0.662180	-0.082270	-0.478190
0.000000	0.000000	0.000000	0.000000	0.000000	0.000000	0.000000	0.000000	0.000000	0.000000	0.000000	0.000000	0.000000	0.000000	0.000000	0.000000	0.011780	-1.388760	-2.381700	-2.781410	-2.295040	-0.840820	-1.242460	-1.719070	-1.337640	-0.671120	1.232310	1.126430	-0.191100	-0.882770	-1.171850	-0.262540
0.000000	0.000000	0.000000	0.000000	0.000000	0.000000	0.000000	0.000000	0.000000	0.000000	0.000000	0.000000	0.000000	0.000000	0.000000	0.000000	-0.369650	-0.253430	0.079410	0.560400	0.795880	0.199420	-0.106780	-0.097980	-0.124930	0.107350	-0.366780	-0.394270	0.107900	0.187410	0.285700	0.001020
0.000000	0.000000	0.000000	0.000000	0.000000	0.000000	0.000000	0.000000	0.000000	0.000000	0.000000	0.000000	0.000000	0.000000	0.000000	0.000000	-0.087550	-0.190040	-0.099490	-0.095770	-0.113800	0.094500	0.074730	0.228350	0.433790	0.554650	0.769240	0.138060	-0.910840	-1.548500	-1.509200	-0.761590
0.000000	0.000000	0.000000	0.000000	0.000000	0.000000	0.000000	0.000000	0.000000	0.000000	0.000000	0.000000	0.000000	0.000000	0.000000	0.000000	0.549640	0.828820	0.456100	-0.148850	-0.673730	-0.226230	0.299570	0.704130	0.562430	-0.406990	-1.011400	-1.316010	-0.331160	0.847530	1.225340	0.896760
0.000000	0.000000	0.000000	0.000000	0.000000	0.000000	0.000000	0.000000	0.000000	0.000000	0.000000	0.000000	0.000000	0.000000	0.000000	0.000000	-0.769740	-0.733470	-0.159280	0.592230	1.089770	-0.119380	-0.832630	-1.707590	-1.658120	-0.417100	0.303710	1.885490	1.677520	0.961390	0.295380	-0.334040
0.000000	0.000000	0.000000	0.000000	0.000000	0.000000	0.000000	0.000000	0.000000	0.000000	0.000000	0.000000	0.000000	0.000000	0.000000	0.000000	0.432010	0.059960	-0.536730	-1.046970	-1.172630	0.361020	0.745320	1.080360	0.437820	-0.674940	-0.528340	-0.997610	-0.202740	0.038930	0.029440	0.139680
0.000000	0.000000	0.000000	0.000000	0.000000	0.000000	0.000000	0.000000	0.000000	0.000000	0.000000	0.000000	0.000000	0.000000	0.000000	0.000000	-0.000680	0.758180	1.110680	0.991520	0.417920	-0.804010	-0.366770	0.236660	1.031500	1.202670	0.247330	-0.541250	-1.370720	-1.323070	-0.896080	-0.395290
0.000000	0.000000	0.000000	0.000000	0.000000	0.000000	0.000000	0.000000	0.000000	0.000000	0.000000	0.000000	0.000000	0.000000	0.000000	0.000000	-0.463840	-0.197350	0.710440	1.597190	1.652500	1.057400	-0.149210	-0.436500	-0.317000	0.409560	0.539520	0.075940	-0.132520	-0.291400	-0.014530	0.006300
0.000000	0.000000	0.000000	0.000000	0.000000	0.000000	0.000000	0.000000	0.000000	0.000000	0.000000	0.000000	0.000000	0.000000	0.000000	0.000000	1.156370	1.236940	-0.106480	-1.535310	-1.718670	-0.438080	0.748100	0.030850	-1.317440	-2.956640	-2.067250	0.375300	2.508270	3.532730	2.458070	1.009650
0.000000	0.000000	0.000000	0.000000	0.000000	0.000000	0.000000	0.000000	0.000000	0.000000	0.000000	0.000000	0.000000	0.000000	0.000000	0.000000	-0.950380	-0.339270	0.867330	1.731700	1.080030	-0.907650	-1.482280	-0.510330	0.573840	1.926100	1.106590	-0.254610	-1.054470	-1.949800	-1.399870	-0.734960
0.000000	0.000000	0.000000	0.000000	0.000000	0.000000	0.000000	0.000000	0.000000	0.000000	0.000000	0.000000	0.000000	0.000000	0.000000	0.000000	0.273840	0.152890	0.020830	0.056080	0.463050	1.498210	1.431140	0.982830	0.636520	-0.028350	0.214480	-0.144840	-0.716770	-0.679000	-0.724010	-0.370230
0.000000	0.000000	0.000000	0.000000	0.000000	0.000000	0.000000	0.000000	0.000000	0.000000	0.000000	0.000000	0.000000	0.000000	0.000000	0.000000	0.203300	0.304900	-0.046190	-0.609220	-1.002290	-1.280520	-0.925570	-0.784060	-0.621120	-0.606370	-0.673240	-0.105980	0.504290	1.238020	1.324040	0.830560
0.000000	0.000000	0.000000	0.000000	0.000000	0.000000	0.000000	0.000000	0.000000	0.000000	0.000000	0.000000	0.000000	0.000000	0.000000	0.000000	-0.752130	-1.359170	-0.739460	0.023800	0.439750	0.630250	0.104380	0.675460	0.909570	1.077680	0.518590	-0.730330	-1.453830	-2.051500	-1.615490	-0.853610
