0.000000	0.000000	0.000000	0.000000	0.000000	0.000000	0.000000	0.000000	0.000000	0.000000	0.000000	2.047300	2.054830	2.640400	2.726170	2.865650	2.853250	2.842080	2.773920	2.778320	2.749690	2.811760	2.800550	2.763750	2.793740	2.698400	2.632180	2.507360	2.417560	2.311630	2.291200	2.255630
0.000000	0.000000	0.000000	0.000000	0.000000	0.000000	0.000000	0.000000	0.000000	0.000000	0.000000	-0.046130	-0.048800	-0.056730	-0.028800	-0.098920	-0.075900	-0.092690	-0.039400	-0.047310	-0.010620	-0.056300	-0.050030	-0.026930	-0.104910	-0.093000	-0.095690	-0.025660	-0.021270	-0.009870	-0.029630	-0.043850
0.000000	0.000000	0.000000	0.000000	0.000000	0.000000	0.000000	0.000000	0.000000	0.000000	0.000000	-0.161750	-0.163760	-0.216520	-0.206990	-0.117750	-0.172610	-0.127950	-0.192680	-0.188800	-0.223870	-0.167800	-0.154250	-0.189250	-0.139680	-0.171930	-0.140090	-0.213510	-0.212390	-0.142740	-0.158560	-0.145330
0.000000	0.000000	0.000000	0.000000	0.000000	0.000000	0.000000	0.000000	0.000000	0.000000	0.000000	-0.068840	-0.056050	0.017560	-0.068260	-0.174040	-0.105890	-0.172580	-0.123150	-0.109670	-0.072340	-0.095490	-0.125250	-0.082580	-0.089560	-0.060820	-0.118090	-0.083060	-0.053820	-0.110960	-0.056450	-0.072850
0.000000	0.000000	0.000000	0.000000	0.000000	0.000000	0.000000	0.000000	0.000000	0.000000	0.000000	-0.007470	-0.018480	-0.025000	-0.000410	0.064630	0.004420	0.054080	0.027180	-0.012540	-0.036870	-0.068640	-0.020450	-0.045510	-0.045890	-0.041480	0.011820	0.029810	-0.037640	-0.038240	-0.063540	-0.046110
0.000000	0.000000	0.000000	0.000000	0.000000	0.000000	0.000000	0.000000	0.000000	0.000000	0.000000	-0.054370	-0.040820	-0.116030	-0.128500	-0.087760	-0.071270	-0.084790	-0.078830	-0.046410	-0.055420	-0.013410	-0.062020	-0.053730	-0.048170	-0.053120	-0.059510	-0.062980	-0.019470	-0.064070	-0.068540	-0.084320
0.000000	0.000000	0.000000	0.000000	0.000000	0.000000	0.000000	0.000000	0.000000	0.000000	0.000000	-0.111190	-0.156590	-0.049300	-0.089390	-0.199430	-0.166110	-0.210510	-0.211290	-0.224180	-0.192730	-0.197260	-0.170740	-0.178390	-0.159300	-0.133740	-0.184340	-0.209320	-0.180670	-0.122180	-0.077220	-0.084020
0.000000	0.000000	0.000000	0.000000	0.000000	0.000000	0.000000	0.000000	0.000000	0.000000	0.000000	0.024920	0.062780	-0.044640	-0.137220	-0.073200	-0.153470	-0.093860	-0.080120	-0.097080	-0.103580	-0.141950	-0.119080	-0.073050	-0.124060	-0.185090	-0.101140	-0.056320	-0.138350	-0.069310	-0.108260	-0.084530
0.000000	0.000000	0.000000	0.000000	0.000000	0.000000	0.000000	0.000000	0.000000	0.000000	0.000000	-0.006050	-0.062690	0.000500	-0.145640	-0.143350	-0.076570	-0.107290	-0.152170	-0.117590	-0.131300	-0.084950	-0.124680	-0.194870	-0.147480	-0.061140	-0.114020	-0.118830	-0.027030	-0.179160	-0.105090	-0.133020
0.000000	0.000000	0.000000	0.000000	0.000000	0.000000	0.000000	0.000000	0.000000	0.000000	0.000000	-0.056120	-0.076570	-0.133330	-0.064580	-0.065670	-0.088210	-0.106260	-0.063480	-0.106180	-0.093470	-0.122180	-0.114590	-0.073570	-0.049760	-0.061630	-0.070960	-0.067350	-0.084410	-0.103500	-0.101950	-0.075750
0.000000	0.000000	0.000000	0.000000	0.000000	0.000000	0.000000	0.000000	0.000000	0.000000	0.000000	-0.056130	-0.017530	0.032440	-0.121920	-0.144870	-0.165770	-0.160900	-0.168570	-0.150690	-0.149640	-0.156120	-0.123270	-0.100340	-0.163550	-0.201830	-0.141970	-0.116860	-0.189380	-0.039490	-0.067320	-0.102540
0.000000	0.000000	0.000000	0.000000	0.000000	0.000000	0.000000	0.000000	0.000000	0.000000	0.000000	-0.027110	-0.056620	-0.083850	0.015750	0.032140	0.050670	0.072400	0.042510	0.044020	0.036600	0.077520	0.040200	-0.015920	0.030650	0.076370	0.021660	-0.022310	0.081100	-0.011280	0.015470	0.050550
0.000000	0.000000	0.000000	0.000000	0.000000	0.000000	0.000000	0.000000	0.000000	0.000000	0.000000	-0.146660	-0.058850	-0.056040	0.004470	-0.015250	-0.035440	-0.058950	-0.009340	-0.017670	0.015620	-0.038600	-0.002940	0.071070	0.027670	-0.044370	-0.031350	0.022700	-0.079550	0.013770	-0.002870	-0.054970
0.000000	0.000000	0.000000	0.000000	0.000000	0.000000	0.000000	0.000000	0.000000	0.000000	0.000000	6.469720	7.595680	7.870980	7.078870	5.577720	3.231030	0.467940	-0.169090	-0.684640	-0.420380	-0.527580	-0.800660	-1.703930	-2.677870	-3.857900	-4.371200	-4.562330	-4.392520	-3.564640	-2.675350	-1.674370
0.000000	0.000000	0.000000	0.000000	0.000000	0.000000	0.000000	0.000000	0.000000	0.000000	0.000000	-0.217100	-0.287460	-0.395180	-0.243200	-0.129590	0.131940	0.161930	0.184820	0.433060	0.016930	-0.230490	-0.555490	-0.330930	-0.142120	0.249690	0.333340	0.364780	0.505520	0.273310	0.039560	-0.256760
0.000000	0.000000	0.000000	0.000000	0.000000	0.000000	0.000000	0.000000	0.000000	0.000000	0.000000	-0.105320	-0.090750	0.113330	0.024690	-0.017470	-0.172880	-0.051950	-0.136600	-0.375860	0.011640	0.017720	0.373830	0.124740	-0.079620	-0.157170	-0.098750	0.071050	0.056980	0.246830	0.281050	0.447900
0.000000	0.000000	0.000000	0.000000	0.000000	0.000000	0.000000	0.000000	0.000000	0.000000	0.000000	-0.267500	-0.410270	-0.782780	-0.853800	-0.816610	-0.589250	-0.387040	0.103650	0.478700	0.311230	0.515000	0.111160	0.040130	0.113360	0.088850	0.205240	0.068210	0.092110	0.071390	0.177630	0.009550
0.000000	0.000000	0.000000	0.000000	0.000000	0.000000	0.000000	0.000000	0.000000	0.000000	0.000000	0.229430	0.226410	0.410110	0.424690	0.245680	-0.025560	-0.449580	-0.663280	-0.858810	-0.685530	-0.685110	-0.177250	0.310330	0.326810	0.244370	-0.096770	-0.132400	-0.267640	-0.404190	-0.518450	-0.361530
0.000000	0.000000	0.000000	0.000000	0.000000	0.000000	0.000000	0.000000	0.000000	0.000000	0.000000	-0.499760	-0.411730	-0.360900	-0.255780	0.003470	0.218730	0.670810	0.525010	0.295970	0.218140	0.163350	-0.002770	-0.178230	-0.033360	-0.138880	-0.043630	-0.199380	-0.291390	-0.324990	-0.347220	-0.370210
0.000000	0.000000	0.000000	0.000000	0.000000	0.000000	0.000000	0.000000	0.000000	0.000000	0.000000	-0.243260	-0.413010	-0.705430	-0.901650	-1.049280	-0.958130	-1.030570	-0.419850	0.081270	0.197570	0.542550	0.430760	0.189000	-0.004560	0.149560	0.390330	0.616430	0.717580	0.819800	0.974550	0.826570
0.000000	0.000000	0.000000	0.000000	0.000000	0.000000	0.000000	0.000000	0.000000	0.000000	0.000000	-1.014280	-1.435900	-1.440670	-1.271690	-1.065500	-0.763310	-0.296800	-0.071190	-0.049940	0.023210	-0.498250	-0.354220	0.045020	0.007590	0.255070	0.120610	0.161750	0.398480	0.391670	0.040180	0.007880
0.000000	0.000000	0.000000	0.000000	0.000000	0.000000	0.000000	0.000000	0.000000	0.000000	0.000000	-1.045470	-1.000570	-1.008040	-1.093800	-0.895120	-0.639770	-0.356980	0.105200	-0.318960	-0.492850	0.016630	0.145580	0.037600	0.436400	0.067590	0.274620	0.191440	-0.234370	-0.485060	-0.318510	-0.344470
0.000000	0.000000	0.000000	0.000000	0.000000	0.000000	0.000000	0.000000	0.000000	0.000000	0.000000	-0.272480	-0.285190	-0.337980	-0.169540	-0.164520	-0.058590	-0.132420	-0.414040	-0.206600	0.099600	0.229690	0.205670	0.374660	0.265810	0.122390	-0.148350	-0.296530	-0.278460	-0.139190	-0.033290	0.040070
0.000000	0.000000	0.000000	0.000000	0.000000	0.000000	0.000000	0.000000	0.000000	0.000000	0.000000	-0.370570	-0.781800	-1.063890	-1.271930	-1.295990	-1.221300	-0.885980	-0.030750	0.300060	0.241680	-0.055620	-0.053080	-0.007410	-0.214110	0.222660	0.405570	0.523070	0.734490	0.632030	0.277210	0.122380
0.000000	0.000000	0.000000	0.000000	0.000000	0.000000	0.000000	0.000000	0.000000	0.000000	0.000000	0.188640	0.483910	0.788340	0.873660	0.895390	0.816270	0.689600	0.143340	-0.253430	-0.350250	-0.170060	-0.125750	-0.356090	-0.100360	-0.288380	-0.116830	0.070440	-0.033260	0.029430	0.300840	0.324510
0.000000	0.000000	0.000000	0.000000	0.000000	0.000000	0.000000	0.000000	0.000000	0.000000	0.000000	1.213970	1.197900	0.976550	0.865920	0.584660	0.307610	0.090400	0.009620	0.474420	0.600370	0.294250	-0.068390	0.005620	-0.403100	-0.210120	-0.353040	-0.561770	-0.348390	-0.225950	-0.381140	-0.460610
0.000000	0.000000	0.000000	0.000000	0.000000	0.000000	0.000000	0.000000	0.000000	0.000000	0.000000	2.951640	2.336930	-1.489420	-5.569500	-6.908330	-5.004470	-1.607490	0.164620	0.875000	0.694490	-0.378010	-1.266890	-1.868370	-2.441860	-2.084640	-1.299090	0.120690	1.451360	2.144900	1.908360	1.162670
0.000000	0.000000	0.000000	0.000000	0.000000	0.000000	0.000000	0.000000	0.000000	0.000000	0.000000	-0.109530	-0.240790	-0.344770	-0.145530	0.497950	0.769310	0.597970	-0.102760	-0.516970	-0.804540	-0.622710	-0.418000	-0.011400	0.893640	1.095890	0.805450	-0.233800	-0.947010	-0.906840	-0.531680	-0.111970
0.000000	0.000000	0.000000	0.000000	0.000000	0.000000	0.000000	0.000000	0.000000	0.000000	0.000000	0.244890	0.507510	0.838410	0.460030	-0.510600	-0.896600	-0.860630	0.176080	0.688900	0.766090	0.249370	-0.200880	-0.370610	-0.757120	-0.307140	-0.022710	0.664980	0.807110	0.107620	-0.267700	-0.521790
0.000000	0.000000	0.000000	0.000000	0.000000	0.000000	0.000000	0.000000	0.000000	0.000000	0.000000	-0.948560	-1.396110	-1.620040	-0.621170	0.817100	1.337970	1.450150	0.296050	-0.374540	-0.540910	-0.265550	0.121870	-0.037940	-0.026990	-0.302910	0.078040	0.106630	-0.078630	0.062270	-0.063120	0.109780
0.000000	0.000000	0.000000	0.000000	0.000000	0.000000	0.000000	0.000000	0.000000	0.000000	0.000000	0.425310	0.537380	0.523000	0.062820	-0.712600	-0.898020	-1.172970	-0.604090	0.127870	0.534510	0.799190	0.484340	0.545270	0.310880	-0.158580	-0.860210	-1.112930	-0.394090	0.249210	0.586300	0.351290
0.000000	0.000000	0.000000	0.000000	0.000000	0.000000	0.000000	0.000000	0.000000	0.000000	0.000000	-0.223620	0.075480	0.602140	0.864570	0.560110	0.126840	0.026650	-0.014450	-0.230340	-0.413310	-0.589980	-0.200360	-0.019820	0.148360	0.175300	-0.035570	-0.224510	-0.538930	-0.313730	-0.072850	0.130540
0.000000	0.000000	0.000000	0.000000	0.000000	0.000000	0.000000	0.000000	0.000000	0.000000	0.000000	-0.382250	-0.716800	-1.263760	-1.044680	-0.090570	0.474990	1.042410	0.831530	0.557300	0.339600	0.130410	-0.190270	-0.503200	-0.667470	-0.393200	0.647450	1.267470	0.992720	-0.018500	-0.782270	-0.765020
0.000000	0.000000	0.000000	0.000000	0.000000	0.000000	0.000000	0.000000	0.000000	0.000000	0.000000	-0.916670	-1.048730	-0.128160	1.222320	1.364330	1.221570	-0.040950	-0.612020	-0.239560	-0.019120	0.173510	-0.064520	-0.090470	0.258010	0.713410	0.201710	-0.326870	-0.270210	-0.316470	0.026620	-0.093950
0.000000	0.000000	0.000000	0.000000	0.000000	0.000000	0.000000	0.000000	0.000000	0.000000	0.000000	-0.891190	-0.604280	-0.139110	0.768130	0.827430	0.192060	0.247290	0.184770	-0.074430	-0.292580	-0.345380	0.273570	0.930240	0.777600	-0.353650	-0.763660	-0.843680	-0.689560	0.269290	0.350290	0.537660
0.000000	0.000000	0.000000	0.000000	0.000000	0.000000	0.000000	0.000000	0.000000	0.000000	0.000000	0.382200	0.572180	0.515170	0.114980	-0.215230	-0.230460	-0.190730	-0.199190	0.058950	0.364730	0.715610	0.542510	-0.176620	-0.650790	-0.774450	-0.517110	-0.108300	0.269000	0.466970	0.441690	0.234660
0.000000	0.000000	0.000000	0.000000	0.000000	0.000000	0.000000	0.000000	0.000000	0.000000	0.000000	-1.288090	-1.910880	-1.757570	-0.315490	0.865230	1.414600	1.035840	0.397930	0.291710	0.035520	-0.411650	-0.741000	-0.478000	0.096880	0.956070	0.985770	0.483580	-0.006040	-1.027290	-1.122050	-0.930030
0.000000	0.000000	0.000000	0.000000	0.000000	0.000000	0.000000	0.000000	0.000000	0.000000	0.000000	0.805720	1.247010	1.248400	0.252020	-0.621530	-1.140180	-0.870640	-0.175140	-0.212410	-0.252300	-0.200620	0.123040	0.315510	0.171100	-0.295120	-0.241250	0.166190	0.158990	0.517250	0.364710	0.281200
0.000000	0.000000	0.000000	0.000000	0.000000	0.000000	0.000000	0.000000	0.000000	0.000000	0.000000	0.203980	-0.339780	-0.968810	-1.334330	-0.802780	0.144460	0.403420	0.136770	0.089810	0.040010	0.014690	-0.502240	-0.969560	-0.771250	0.088900	0.630460	0.315560	0.074740	-0.617110	-0.620270	-0.425930
