0.000000	0.000000	0.000000	0.000000	0.000000	0.000000	0.000000	0.000000	0.000000	0.000000	1.992050	1.958920	1.954390	2.450730	2.707110	2.671610	2.660290	2.691530	2.653390	2.568860	2.578320	2.604520	2.519320	2.508890	2.499020	2.491960	2.466760	2.508710	2.483430	2.403490	2.335530	2.116540
0.000000	0.000000	0.000000	0.000000	0.000000	0.000000	0.000000	0.000000	0.000000	0.000000	-0.063050	-0.059620	-0.086050	-0.073080	-0.105680	-0.069040	-0.042590	-0.097420	-0.071550	-0.046170	-0.068740	-0.078960	-0.026730	-0.042940	-0.067780	-0.062040	-0.017960	-0.035060	-0.032700	-0.012650	-0.018750	-0.030630
0.000000	0.000000	0.000000	0.000000	0.000000	0.000000	0.000000	0.000000	0.000000	0.000000	-0.169090	-0.134340	-0.133790	-0.243650	-0.212590	-0.221480	-0.231850	-0.135790	-0.146410	-0.198170	-0.158080	-0.152400	-0.181760	-0.196540	-0.176650	-0.107480	-0.142410	-0.118820	-0.110930	-0.148420	-0.159160	-0.152170
0.000000	0.000000	0.000000	0.000000	0.000000	0.000000	0.000000	0.000000	0.000000	0.000000	-0.116820	-0.163740	-0.151590	-0.070550	-0.069400	-0.061960	-0.041870	-0.138320	-0.116270	-0.058920	-0.105130	-0.112500	-0.115160	-0.072240	-0.072120	-0.144610	-0.131410	-0.146090	-0.151660	-0.120260	-0.115370	-0.156960
0.000000	0.000000	0.000000	0.000000	0.000000	0.000000	0.000000	0.000000	0.000000	0.000000	-0.027700	0.028460	-0.000690	-0.016160	-0.095750	-0.099100	-0.162930	-0.092800	-0.118460	-0.166250	-0.110360	-0.120060	-0.100280	-0.136590	-0.133780	-0.123800	-0.173690	-0.184280	-0.191880	-0.179630	-0.167730	-0.034760
0.000000	0.000000	0.000000	0.000000	0.000000	0.000000	0.000000	0.000000	0.000000	0.000000	-0.063650	-0.096480	-0.036250	-0.039890	-0.043120	-0.066090	0.007230	-0.055550	-0.060250	-0.007320	-0.068050	-0.050890	-0.060100	-0.032580	-0.053510	-0.048670	-0.033790	-0.013730	0.008830	-0.005260	-0.007340	-0.076420
0.000000	0.000000	0.000000	0.000000	0.000000	0.000000	0.000000	0.000000	0.000000	0.000000	-0.137110	-0.112110	-0.168910	-0.226310	-0.202990	-0.156630	-0.210290	-0.135440	-0.092040	-0.158060	-0.092070	-0.106350	-0.122920	-0.145320	-0.100750	-0.119590	-0.108460	-0.113970	-0.115560	-0.121000	-0.156450	-0.156860
0.000000	0.000000	0.000000	0.000000	0.000000	0.000000	0.000000	0.000000	0.000000	0.000000	-0.098010	-0.060750	-0.106280	-0.124360	-0.176060	-0.175960	-0.153880	-0.213750	-0.229350	-0.174100	-0.219650	-0.243600	-0.172600	-0.167860	-0.194650	-0.066890	-0.134050	-0.145350	-0.163340	-0.147630	-0.116190	-0.096960
0.000000	0.000000	0.000000	0.000000	0.000000	0.000000	0.000000	0.000000	0.000000	0.000000	-0.015870	0.010530	0.029430	-0.074450	-0.157100	-0.155800	-0.141460	-0.111770	-0.115220	-0.156500	-0.124310	-0.090680	-0.199990	-0.161700	-0.151960	-0.384220	-0.349480	-0.348320	-0.321320	-0.308980	-0.302480	-0.192140
0.000000	0.000000	0.000000	0.000000	0.000000	0.000000	0.000000	0.000000	0.000000	0.000000	-0.068090	-0.072680	-0.093790	-0.041150	-0.093980	-0.077610	-0.092550	-0.101250	-0.109820	-0.075280	-0.096050	-0.118030	-0.023250	-0.059520	-0.081540	0.014680	-0.025740	-0.017330	-0.006220	-0.020790	-0.039970	-0.111660
0.000000	0.000000	0.000000	0.000000	0.000000	0.000000	0.000000	0.000000	0.000000	0.000000	-0.175380	-0.170050	-0.182100	-0.204920	-0.173500	-0.189810	-0.213900	-0.221080	-0.177300	-0.209590	-0.182940	-0.196200	-0.218650	-0.216590	-0.151550	-0.058840	-0.084200	-0.091300	-0.116060	-0.116600	-0.128540	-0.088660
0.000000	0.000000	0.000000	0.000000	0.000000	0.000000	0.000000	0.000000	0.000000	0.000000	0.040390	0.062330	0.074640	0.006740	-0.005740	0.017840	0.067030	0.102500	0.061830	0.069560	0.052240	0.080920	0.043050	0.068120	0.003050	-0.126400	-0.036730	-0.039340	-0.032730	-0.026170	0.006900	-0.009070
0.000000	0.000000	0.000000	0.000000	0.000000	0.000000	0.000000	0.000000	0.000000	0.000000	-0.138830	-0.167560	-0.193580	-0.094160	0.075970	0.022420	-0.005430	-0.046460	-0.012770	0.011890	0.024750	-0.034360	0.038190	0.016800	0.013250	0.115990	0.012040	0.032150	0.049920	0.054390	0.036320	0.030870
0.000000	0.000000	0.000000	0.000000	0.000000	0.000000	0.000000	0.000000	0.000000	0.000000	4.077070	5.692360	6.582820	6.930010	6.425170	4.920860	2.711900	-0.034300	-1.289700	-1.373560	-1.476180	-1.491020	-1.282160	-0.871410	-0.839740	-0.995110	-1.116490	-2.270830	-3.074560	-3.535310	-3.648830	-3.512970
0.000000	0.000000	0.000000	0.000000	0.000000	0.000000	0.000000	0.000000	0.000000	0.000000	-0.293880	-0.245620	-0.085540	-0.165260	-0.107140	0.061000	0.139140	0.053390	0.234300	0.141020	0.068840	0.150610	0.153980	0.138850	0.223570	0.262200	0.169230	0.229640	0.212930	0.059720	-0.101950	-0.074650
0.000000	0.000000	0.000000	0.000000	0.000000	0.000000	0.000000	0.000000	0.000000	0.000000	-0.343060	-0.504620	-0.655260	-0.358910	-0.138290	-0.147410	0.206630	0.609900	0.365040	0.154460	-0.037070	-0.048600	0.156040	0.408640	0.406390	0.367390	0.304170	0.128840	-0.149950	-0.373680	-0.276040	-0.308370
0.000000	0.000000	0.000000	0.000000	0.000000	0.000000	0.000000	0.000000	0.000000	0.000000	0.161330	0.368750	0.601690	0.373900	0.255780	0.366490	-0.000080	-0.394020	-0.432480	-0.248920	-0.024820	0.019920	-0.262040	-0.499400	-0.442460	-0.398240	-0.356140	-0.490870	-0.369210	-0.162180	-0.232790	-0.225060
0.000000	0.000000	0.000000	0.000000	0.000000	0.000000	0.000000	0.000000	0.000000	0.000000	-0.178080	-0.490320	-0.986520	-1.066950	-1.184930	-1.403320	-0.978760	-0.599970	-0.100000	-0.059160	0.017070	-0.151280	-0.207650	-0.353790	-0.703440	-0.699040	-0.626280	0.124920	0.629040	1.045400	1.412630	1.441380
0.000000	0.000000	0.000000	0.000000	0.000000	0.000000	0.000000	0.000000	0.000000	0.000000	0.124640	0.076030	0.323180	0.248260	0.146450	0.252940	-0.103930	-0.119460	-0.175400	-0.117170	-0.268070	-0.045530	-0.021520	0.037450	0.404860	0.396040	0.401950	0.041910	-0.164180	-0.431120	-0.650950	-0.768630
0.000000	0.000000	0.000000	0.000000	0.000000	0.000000	0.000000	0.000000	0.000000	0.000000	-0.620450	-0.536620	-0.647950	-0.386690	0.046520	0.170570	0.704500	0.877310	0.634240	0.314800	0.347770	-0.018810	-0.057340	0.072150	-0.112890	-0.032270	-0.135860	-0.273890	-0.489950	-0.471650	-0.491430	-0.418300
0.000000	0.000000	0.000000	0.000000	0.000000	0.000000	0.000000	0.000000	0.000000	0.000000	-0.421250	-0.657650	-0.727760	-0.981480	-1.181860	-1.029920	-0.797800	-0.730220	-0.331690	-0.124490	-0.032130	0.700370	0.777890	0.652510	0.647390	0.466610	0.219810	0.277500	0.283240	0.084150	0.426190	0.462490
0.000000	0.000000	0.000000	0.000000	0.000000	0.000000	0.000000	0.000000	0.000000	0.000000	-0.674290	-1.105900	-1.340230	-1.330240	-1.238160	-1.211830	-0.784070	0.007570	-0.037360	-0.216810	-0.346180	-1.336740	-1.797150	-2.032510	-2.133140	-1.858650	-1.205310	-0.445400	0.498100	1.520780	1.422350	1.305550
0.000000	0.000000	0.000000	0.000000	0.000000	0.000000	0.000000	0.000000	0.000000	0.000000	-0.129440	-0.138260	-0.197340	-0.266740	-0.337280	-0.227920	-0.217420	-0.377030	0.129920	0.209760	0.248920	0.602190	0.643040	0.599160	0.679950	0.529510	0.117210	-0.186020	-0.582170	-1.036290	-0.979160	-0.997810
0.000000	0.000000	0.000000	0.000000	0.000000	0.000000	0.000000	0.000000	0.000000	0.000000	-0.139860	-0.168540	-0.279130	-0.379940	-0.259950	-0.267200	-0.106960	-0.047120	-0.177080	-0.127970	0.142830	0.625810	0.816380	1.060540	0.958170	0.893410	0.648250	0.382680	-0.002580	-0.190580	0.022110	0.137820
0.000000	0.000000	0.000000	0.000000	0.000000	0.000000	0.000000	0.000000	0.000000	0.000000	-0.245750	-0.312350	-0.159620	0.108300	0.151450	0.204080	0.267990	0.518220	0.271190	0.025700	-0.436000	-1.154750	-1.144090	-1.207960	-1.105560	-0.961190	-0.462700	-0.143470	0.353220	0.601760	0.215160	0.159560
0.000000	0.000000	0.000000	0.000000	0.000000	0.000000	0.000000	0.000000	0.000000	0.000000	0.804260	1.273300	1.469650	1.368500	1.309730	1.223560	0.894440	0.006420	-0.253460	0.119390	0.269510	0.700480	0.389070	0.268030	0.296450	0.369030	0.044070	-0.010530	-0.164780	-0.350830	-0.040800	-0.165410
0.000000	0.000000	0.000000	0.000000	0.000000	0.000000	0.000000	0.000000	0.000000	0.000000	4.998220	6.552810	4.729990	-1.229750	-5.812870	-6.551870	-4.536450	-1.617570	-0.377340	0.070340	0.084210	-0.065090	0.103640	0.374090	0.641700	0.227210	-0.669550	-2.203170	-2.835300	-1.969050	-0.761850	0.455800
0.000000	0.000000	0.000000	0.000000	0.000000	0.000000	0.000000	0.000000	0.000000	0.000000	-0.163490	-0.098670	0.220920	0.253890	0.279400	0.008740	-0.232360	-0.040980	0.006180	0.070580	0.036030	-0.163500	-0.223210	-0.056030	0.140440	0.230520	0.012590	-0.212510	-0.333920	-0.349210	-0.258760	-0.226020
0.000000	0.000000	0.000000	0.000000	0.000000	0.000000	0.000000	0.000000	0.000000	0.000000	-0.873170	-1.069200	-0.748540	0.592200	1.227590	1.111620	0.403160	-0.666240	-0.713650	-0.465780	-0.359140	0.172590	0.450040	0.618520	0.446810	-0.388990	-0.752450	-0.843140	-0.527960	0.025860	0.188840	0.263840
0.000000	0.000000	0.000000	0.000000	0.000000	0.000000	0.000000	0.000000	0.000000	0.000000	0.732500	1.058160	0.866220	-0.342260	-1.160660	-1.156920	-0.561340	0.413800	0.317840	0.008380	0.156700	-0.060940	-0.142220	-0.602520	-0.770250	-0.007160	0.510340	0.610910	0.161940	-0.442810	-0.526090	-0.377490
0.000000	0.000000	0.000000	0.000000	0.000000	0.000000	0.000000	0.000000	0.000000	0.000000	-0.692640	-1.262390	-1.486210	-0.818490	0.362270	0.838320	0.958120	0.368110	0.236000	0.318620	-0.124950	-0.185690	-0.594250	-0.530750	-0.371640	-0.271050	0.255990	1.059490	1.673830	1.496830	0.861000	0.111900
0.000000	0.000000	0.000000	0.000000	0.000000	0.000000	0.000000	0.000000	0.000000	0.000000	0.153590	0.088850	0.005930	-0.199290	-0.328300	-0.142960	-0.346020	-0.164380	-0.138290	-0.176780	0.204720	0.058940	0.162450	0.138350	0.220210	0.309290	0.071060	-0.546880	-1.124380	-1.035470	-0.666100	-0.160100
0.000000	0.000000	0.000000	0.000000	0.000000	0.000000	0.000000	0.000000	0.000000	0.000000	-0.637030	-0.427080	0.087440	0.951480	1.224990	0.682480	0.344040	-0.312550	-0.614260	-0.516080	-0.654510	-0.221930	0.079730	0.180940	0.073250	-0.140530	-0.430880	-0.493000	-0.356370	-0.190590	0.065550	0.104680
0.000000	0.000000	0.000000	0.000000	0.000000	0.000000	0.000000	0.000000	0.000000	0.000000	-0.613220	-0.932930	-0.624950	-0.169050	0.243570	0.408610	0.143940	0.214920	0.347760	0.347770	0.494150	0.793850	0.489300	0.093810	-0.559640	-1.288930	-0.636350	0.075170	0.682490	0.721890	0.100120	-0.160310
0.000000	0.000000	0.000000	0.000000	0.000000	0.000000	0.000000	0.000000	0.000000	0.000000	-1.208520	-1.807650	-1.578390	-0.080700	1.399910	1.588250	0.858500	-0.004710	-0.505390	-0.365770	-0.401610	-1.217560	-1.339210	-1.415250	-0.435480	1.603270	2.008340	2.189400	1.457920	0.521910	0.383440	-0.056260
0.000000	0.000000	0.000000	0.000000	0.000000	0.000000	0.000000	0.000000	0.000000	0.000000	0.104960	0.076960	-0.044870	-0.358310	-0.229550	-0.077180	0.161340	0.221510	0.313490	0.294560	0.210540	0.360330	-0.070190	0.002690	-0.055490	-0.518470	-0.444610	-0.926440	-1.062460	-0.724520	-0.524720	-0.064390
0.000000	0.000000	0.000000	0.000000	0.000000	0.000000	0.000000	0.000000	0.000000	0.000000	-0.154370	-0.119320	-0.096600	-0.081970	-0.108070	0.014800	0.262820	0.295270	-0.064450	-0.286900	-0.206580	0.656380	1.332790	1.068920	-0.082310	-1.417300	-1.597370	-0.853500	0.177960	0.632340	0.471750	0.168220
0.000000	0.000000	0.000000	0.000000	0.000000	0.000000	0.000000	0.000000	0.000000	0.000000	-0.650800	-0.808620	-0.376100	0.687760	1.118320	0.708410	-0.333600	-0.967110	-0.693700	-0.235000	-0.107390	-0.939520	-1.149090	-0.778910	0.402580	1.637110	1.317620	0.744080	-0.057100	-0.459230	-0.297160	-0.260840
0.000000	0.000000	0.000000	0.000000	0.000000	0.000000	0.000000	0.000000	0.000000	0.000000	1.404590	2.166070	1.826500	-0.101950	-2.184970	-2.145820	-0.841450	0.409780	0.643480	-0.010430	-0.270220	0.349990	0.184290	-0.019510	-0.374390	-0.830370	-0.117740	-0.060690	-0.083700	-0.117390	-0.333560	-0.114220
