2.674110	2.930340	3.114700	3.235530	3.296310	3.248780	3.172400	3.196040	3.374260	3.402940	3.372090	3.300410	3.312370	3.295350	3.274810	3.259760	3.283140	3.242410	3.254200	3.256430	3.325300	3.298140	3.344760	3.385870	3.335540	3.316840	3.333270	3.144690	3.039300	2.919450	2.813470	2.675130
-0.095490	-0.150700	-0.232200	-0.254260	-0.246400	-0.213850	-0.134670	-0.037730	-0.004160	-0.025560	-0.023680	0.003220	-0.067730	-0.039150	-0.026270	-0.023320	-0.052850	-0.030080	-0.032020	-0.023340	0.040950	0.032310	0.000930	-0.023690	0.026110	0.016080	-0.018650	0.035850	0.007500	0.016120	0.024320	0.000550
-0.240690	-0.260610	-0.271960	-0.278670	-0.263340	-0.275110	-0.252450	-0.174220	-0.204210	-0.196470	-0.175150	-0.186820	-0.156580	-0.168630	-0.174900	-0.187770	-0.170490	-0.161700	-0.162090	-0.129160	-0.182150	-0.177060	-0.148770	-0.091620	-0.152340	-0.162320	-0.121340	-0.185780	-0.129240	-0.188330	-0.214470	-0.177900
-0.048370	-0.064110	-0.032450	0.000650	-0.028370	-0.025010	-0.074190	-0.142280	-0.030200	-0.039450	-0.053200	-0.058380	-0.096320	-0.092490	-0.106300	-0.091000	-0.086420	-0.122670	-0.105290	-0.164250	-0.096630	-0.122900	-0.101030	-0.169260	-0.139370	-0.142320	-0.183230	-0.130080	-0.185820	-0.101800	-0.111130	-0.127430
-0.054000	0.037820	0.072200	0.043020	0.043690	0.060710	0.098930	0.005430	-0.197330	-0.174860	-0.204230	-0.193030	-0.100290	-0.109480	-0.085400	-0.093680	-0.109810	-0.082580	-0.118120	-0.069420	-0.148500	-0.090180	-0.184670	-0.150220	-0.132010	-0.089510	-0.056080	-0.084720	-0.084960	-0.101420	-0.031630	-0.069280
-0.045640	-0.046510	-0.146420	-0.124410	-0.068430	-0.122830	-0.199760	-0.126500	-0.008240	-0.018130	0.003800	0.004160	-0.113910	-0.085080	-0.096710	-0.096710	-0.101360	-0.083500	-0.048340	-0.047640	-0.019780	-0.067800	0.021460	0.049110	0.025910	-0.013040	-0.015210	-0.035920	0.048290	-0.049520	-0.132470	-0.021520
-0.106300	-0.138420	-0.074610	-0.095470	-0.197160	-0.130440	-0.032150	-0.159850	-0.062940	-0.060500	-0.066440	-0.046780	-0.020090	-0.044910	-0.070450	-0.071870	-0.040810	-0.085990	-0.089400	-0.142150	-0.069330	-0.067940	-0.053100	-0.110570	-0.114260	-0.115110	-0.138090	-0.071650	-0.240250	-0.106860	-0.058560	-0.209500
-0.095240	0.062280	-0.007510	0.040030	0.206970	0.134660	0.093180	0.074170	-0.123400	-0.156380	-0.171480	-0.181450	-0.201970	-0.147580	-0.086670	-0.095650	-0.171680	-0.111950	-0.156990	-0.021010	-0.061400	-0.016510	-0.146180	-0.079180	-0.055080	-0.047580	-0.004290	-0.096100	0.068860	-0.015670	-0.099890	0.075160
0.097640	0.120520	0.094980	0.154890	0.016170	0.103220	0.058220	-0.276250	-0.170860	-0.110490	-0.148290	-0.060860	-0.092160	-0.126830	-0.197320	-0.175920	-0.125550	-0.180590	-0.108030	-0.239710	-0.217330	-0.266210	-0.145970	-0.171940	-0.165070	-0.131880	-0.146110	-0.117260	-0.220340	-0.260400	-0.066700	-0.229380
-0.028070	0.003770	0.025820	-0.074080	0.033370	-0.042060	0.009570	0.002860	0.005810	-0.022270	-0.022830	-0.056280	-0.123710	-0.069480	-0.001440	-0.035360	-0.099970	-0.023300	-0.083090	0.017400	0.025980	0.072090	0.058710	0.057000	0.033570	-0.003470	0.022350	0.068620	0.019180	0.077100	-0.157350	-0.007930
-0.157000	-0.094030	-0.073320	-0.011510	-0.023860	-0.013070	-0.076200	-0.091640	-0.124020	-0.146970	-0.163510	-0.121660	-0.108010	-0.098860	-0.151170	-0.138600	-0.116080	-0.181150	-0.178810	-0.171580	-0.091250	-0.112070	-0.203640	-0.156020	-0.117100	-0.117240	-0.143110	-0.243760	-0.126140	-0.168700	-0.042140	-0.124330
-0.036520	-0.108470	-0.095750	-0.115940	-0.161460	-0.162960	-0.121240	-0.049630	-0.048050	-0.013680	0.022960	-0.011530	0.021190	-0.032760	-0.002620	0.008510	0.020280	0.052180	0.097240	0.038120	-0.068710	-0.072250	0.017180	-0.028930	-0.067980	-0.041970	-0.013740	0.052370	-0.041990	-0.026620	-0.004000	0.002240
-0.151250	-0.225950	-0.091660	-0.163470	-0.092730	-0.113400	-0.139910	-0.040290	-0.040290	-0.050690	-0.048250	-0.059080	-0.055200	-0.000020	-0.016480	-0.032530	-0.038700	-0.018430	-0.073130	-0.041800	-0.075860	-0.055050	-0.060330	-0.062440	-0.034500	-0.053670	-0.080190	-0.078440	-0.034510	-0.024590	-0.150210	-0.078410
5.258310	5.676550	5.214600	4.348950	3.674240	2.414080	1.582840	0.944960	0.773320	0.760660	0.429150	-0.370470	-1.045730	-1.079940	-0.791740	-0.500120	-0.175730	0.074920	0.441180	0.819760	0.810720	0.768010	0.553610	-0.446990	-1.748500	-2.967920	-4.341170	-5.550010	-5.883700	-5.758300	-5.065950	-3.649790
-1.460690	-1.432500	-0.969240	-0.079060	0.887620	1.677370	2.128680	2.153100	1.547950	0.909860	0.278840	-0.132050	-0.287710	-0.169340	-0.139820	-0.059680	0.411830	0.456260	0.418020	0.305580	0.404500	0.266280	0.033960	-0.001430	-0.174710	-0.022820	0.143470	0.065760	-0.134680	-0.110370	-0.110620	-0.269070
-0.339120	-0.364990	-0.265790	0.158110	0.395550	0.627500	0.800880	0.785400	0.772180	0.665310	0.379790	0.055870	0.127590	0.080750	0.028550	0.180270	0.015710	0.018020	0.093750	0.346870	0.209450	0.083130	0.156460	-0.070240	0.117550	-0.195910	-0.582340	-0.643570	-0.389920	-0.353600	-0.341600	-0.109160
0.191070	0.215290	0.019460	-0.422920	-0.323060	-0.278380	-0.376310	-0.347610	-0.279150	-0.243590	-0.182340	-0.224490	-0.571970	-0.559870	-0.432060	-0.543010	-0.298320	-0.310150	-0.188750	-0.400770	-0.353790	-0.247360	-0.429890	-0.252360	-0.567860	-0.187600	0.029150	0.278350	0.212800	0.254850	0.270210	0.066130
0.974070	1.020180	1.104440	0.661740	-0.651440	-1.731410	-2.348850	-2.507540	-2.175940	-1.734420	-0.958280	0.121910	0.862690	0.813850	0.620420	0.418190	-0.179130	-0.123990	-0.502920	-0.548420	-0.497690	-0.319290	0.108710	0.217930	0.536290	0.408960	0.805330	0.520100	0.291730	0.073460	0.004960	0.083360
-0.581980	-0.687530	-1.023610	-0.912530	-0.247570	0.340420	0.984360	1.079860	0.662480	0.629830	0.295300	-0.449960	-0.950610	-0.813660	-0.510250	-0.064130	0.546660	0.398940	0.706370	0.959680	0.974350	0.687270	0.392510	0.122450	0.180310	-0.109730	-0.941900	-0.819270	-0.515390	-0.256900	-0.145780	-0.037020
-0.351820	-0.367900	0.033300	-0.150420	0.107020	0.330840	0.324530	0.643900	0.937920	0.548810	0.238900	0.354770	-0.003870	-0.177730	-0.330010	-0.694060	-0.592810	-0.330020	-0.084070	-0.187590	-0.272810	-0.163760	-0.298200	-0.131860	-0.921420	-0.715220	-0.271360	-0.366400	-0.592430	-0.737940	-0.792470	-0.867500
1.895660	2.132520	1.973550	1.550140	0.166980	-1.319970	-2.018490	-2.872120	-3.396160	-2.625890	-1.619030	-0.634130	0.140450	0.411910	0.326830	0.710810	0.732900	0.711920	0.258740	0.376720	0.538730	0.310020	0.428980	-0.152150	0.545610	0.613350	0.522950	0.567820	0.726360	0.851060	0.883010	1.008640
-0.188690	-0.162390	-0.321650	-1.779390	-2.441700	-2.594010	-2.574980	-2.065110	-1.225030	-0.970150	-0.418990	0.293310	-0.231130	-0.599520	-0.366080	-0.850830	-0.717520	-0.779750	-0.360300	-0.378020	-0.286620	0.178520	0.317830	0.900900	0.422500	-0.123620	-0.096310	-0.318000	-0.586140	-0.762470	-0.708550	-0.628300
0.195330	0.038180	0.101570	0.100480	0.080230	-0.086270	-0.101550	-0.113750	-0.813130	-0.708630	-0.606330	-0.422100	-0.484940	-0.123530	-0.112590	0.358370	0.656130	0.718900	0.803530	1.093310	1.061330	0.489120	0.307110	-0.034410	-0.222890	-0.138620	-0.812760	-0.726670	-0.582460	-0.490490	-0.542260	-0.460400
1.147320	1.297740	1.051730	0.663130	0.079670	-0.628570	-1.098120	-1.227260	-0.944430	-0.590240	-0.316350	-0.169700	0.052210	-0.123590	-0.347650	-0.593650	-0.301000	-0.053840	-0.123160	-0.158760	0.029020	0.307380	0.158030	-0.420230	-0.426910	-0.247590	0.411240	0.213560	0.174660	0.298680	0.429240	0.437540
-0.980560	-1.150790	-1.027680	-0.533390	-0.019680	0.643020	1.069700	1.290580	1.457210	1.043240	0.613630	0.276860	0.215440	0.219630	0.475630	0.567470	0.044300	-0.272160	-0.407240	-0.626050	-0.919050	-0.972680	-0.691600	0.145170	0.353740	0.169730	0.016410	0.267020	0.301950	0.110450	-0.021210	-0.055950
0.189810	0.310010	0.286320	0.649800	0.902300	1.002240	0.637900	0.723950	0.433880	0.609990	0.524180	0.144690	0.131290	0.197380	-0.029170	-0.095780	-0.359250	-0.503320	-0.392770	-0.312640	-0.155030	-0.102960	-0.040660	-0.183070	0.012180	0.069510	-0.322830	-0.359260	-0.388140	-0.261350	-0.186500	-0.219520
1.198250	-0.277770	-2.814560	-5.005630	-3.966280	-0.694180	1.616210	1.269880	-1.014670	-2.454840	-2.145360	-0.676270	0.368430	0.408120	0.251260	0.149850	0.394630	0.665100	0.728940	0.700280	0.063350	-0.475550	-0.931980	-1.778250	-2.310590	-2.958620	-3.001880	-1.912910	-0.544280	1.163680	1.761580	1.369500
-0.331250	0.247380	1.389850	2.586850	2.765170	1.668150	-0.092510	-1.443380	-2.014700	-1.541220	-0.749170	-0.149400	0.295370	0.166650	0.009730	-0.051080	0.274650	0.572940	0.404540	-0.247900	-0.850720	-0.669500	-0.260630	0.264250	0.165980	-0.003110	0.031110	-0.224590	-0.156160	-0.310150	-0.295600	-0.079860
-0.038670	0.091160	0.284830	0.707900	0.753090	0.576280	0.113150	-0.570790	-0.482220	-0.342070	-0.209000	-0.186510	-0.450360	-0.229720	0.052390	0.338240	0.167580	-0.232730	-0.374430	-0.116900	0.378850	0.267650	-0.123830	-0.744600	-0.479980	-0.185210	-0.300640	-0.088000	-0.280950	0.284550	0.567340	0.346080
0.223110	0.168890	-0.334310	-1.157380	-0.917410	-0.198150	0.802620	1.166600	0.017030	-0.676740	-0.916350	-0.481290	0.366780	0.326930	0.203940	-0.283350	-0.343600	0.012850	0.280510	0.361740	-0.214300	-0.404530	-0.489590	0.040030	0.161880	0.315930	0.611710	0.292010	0.293110	-0.425380	-0.679670	-0.505900
-0.363400	-0.849740	-0.901310	-0.861990	-1.565230	-2.229980	-2.515150	-1.069160	1.737990	2.914640	2.802100	1.328030	-0.431540	-0.787160	-0.987430	-0.449970	-0.163240	-0.211930	-0.336880	-0.617670	-0.129990	0.273800	1.143120	1.102230	0.352740	-0.484480	-0.883100	-0.364200	0.014060	0.137890	-0.120790	-0.204120
0.049840	0.282330	0.326180	0.211910	0.367450	1.120840	1.725500	1.164450	-0.791130	-2.061690	-2.188710	-1.069250	0.419960	0.751870	0.931440	0.715780	0.471640	0.159870	-0.124270	0.035610	0.141330	0.144730	-0.682950	-1.287970	-0.750140	-0.141470	-0.075470	-0.203610	-0.461680	0.437140	1.096910	0.864290
-0.370050	-0.497780	-0.174600	0.102440	0.846370	0.568280	-0.017690	0.112360	-0.217790	-0.046520	-0.271060	-0.804070	-0.565850	-0.374480	-0.095770	-0.212900	-0.278310	0.104100	0.590880	0.744980	-0.067460	-0.754760	-0.929680	-0.144870	0.005330	0.053560	0.404900	-0.015840	0.274280	-0.758200	-1.274410	-0.891570
0.471570	0.249550	-0.125140	-1.145890	-3.063750	-3.385220	-2.917120	-1.118450	1.265300	2.097190	2.421120	2.026070	0.837090	-0.144830	-1.073620	-0.567430	0.523570	1.016780	0.436520	-1.067640	-1.262700	-0.643220	0.756520	0.749410	0.434630	0.047860	-0.784400	-0.048570	-0.207140	0.601680	1.065920	0.567150
-0.250090	-0.460190	-0.562870	-1.912880	-2.008900	-1.766690	-0.132580	3.001310	2.978940	1.762200	-0.315410	-2.000340	-1.056620	-0.122410	0.923220	0.688050	-0.380050	-0.958270	-0.775200	0.722090	1.318310	1.309330	0.274920	-0.368300	-0.762820	-1.349470	-0.559840	-0.338280	0.426280	0.406380	-0.314810	-0.225780
-0.419090	-0.594270	-0.378400	0.238770	0.051620	0.178030	-0.325360	-0.685990	-0.800610	-0.717400	0.138640	0.892690	1.056650	0.378150	-0.584020	-0.368330	0.498550	1.003840	1.104390	-0.027430	-0.825110	-1.342610	-1.283330	-0.385250	0.222660	0.793000	-0.341580	-1.129730	-0.905040	-0.197810	0.917420	0.684500
0.329150	0.028390	-0.690770	-1.582840	-1.731490	-1.377610	-0.600330	0.223020	0.836370	1.169750	0.753910	-0.017000	-0.507180	-0.717780	-0.395120	-0.197370	0.178850	0.815350	0.517640	-0.006670	-0.668890	-0.456660	0.405360	-0.037020	-0.427670	-0.680830	0.297740	1.418150	0.741810	-0.096180	-0.909340	-0.726160
-0.213670	-0.087630	0.176080	0.889120	1.490510	1.478980	0.991500	-0.119240	-0.675710	-1.059170	-1.032710	-0.526970	-0.198310	0.525170	0.755970	0.391610	-0.571730	-1.702840	-1.630890	-0.499350	0.788140	1.043570	0.362660	0.358420	0.392520	0.223290	-0.235740	-0.816260	-0.174820	0.247770	0.321110	0.147020
0.208650	0.442020	-0.045060	0.049990	-0.080000	0.174380	0.412470	-0.546630	-0.755160	-0.524610	-0.012860	0.383410	0.022770	-0.481010	-0.646490	-0.441330	-0.242420	-0.084510	0.147880	0.112290	0.344150	0.220040	-0.084280	-0.262210	-0.358630	0.104530	0.018930	-0.189400	-0.505230	-0.386890	0.128370	0.213260
