1.605750	1.767980	1.880970	2.154550	2.502150	2.538340	2.729220	2.741110	2.729170	2.690100	2.436590	2.689540	2.801860	2.732740	2.671230	2.656370	2.654190	2.628220	2.598120	2.551860	2.513900	2.502930	2.496980	2.541330	2.563920	2.591160	2.590770	2.568360	2.557150	2.545210	2.593190	2.646250	2.509400	2.426570	2.340870	2.221850	2.061300
-0.024740	-0.040380	-0.050370	-0.094170	-0.089370	-0.075880	-0.100180	-0.077630	-0.061030	-0.005370	-0.033080	0.001410	-0.075820	-0.025320	-0.026050	-0.030020	-0.033790	-0.033830	-0.028990	-0.023900	-0.015120	-0.005050	0.015810	-0.025040	0.011430	-0.001290	0.017400	0.022530	-0.004380	0.009040	0.001780	-0.075250	-0.033150	-0.013130	-0.022120	-0.053170	-0.003300
-0.190920	-0.179580	-0.128060	-0.153910	-0.223420	-0.225850	-0.164990	-0.125110	-0.159090	-0.208390	-0.109300	-0.158770	-0.091770	-0.156930	-0.196380	-0.184300	-0.173100	-0.175250	-0.170250	-0.191770	-0.178100	-0.193240	-0.213060	-0.162180	-0.168090	-0.151670	-0.156650	-0.153660	-0.158290	-0.167740	-0.141800	-0.091120	-0.108230	-0.147470	-0.163490	-0.147950	-0.192400
-0.107390	-0.099580	-0.172210	-0.140740	-0.077770	-0.069430	-0.102900	-0.217650	-0.140240	-0.051490	-0.172810	-0.113190	-0.134410	-0.088320	-0.053260	-0.064480	-0.070890	-0.078020	-0.092930	-0.077380	-0.091800	-0.088630	-0.068320	-0.129000	-0.097870	-0.115910	-0.117870	-0.111700	-0.099450	-0.078940	-0.110230	-0.127860	-0.168480	-0.152470	-0.128040	-0.108270	-0.087650
-0.082850	-0.086380	-0.045340	-0.037310	-0.091360	-0.080520	-0.111980	0.029540	-0.059530	-0.171610	-0.089980	-0.185940	-0.186270	-0.201630	-0.249640	-0.230810	-0.229710	-0.251930	-0.234550	-0.237800	-0.232730	-0.217970	-0.224600	-0.155230	-0.216200	-0.208460	-0.211370	-0.224800	-0.220060	-0.258890	-0.207910	-0.193390	-0.142880	-0.174510	-0.195610	-0.173830	-0.146650
-0.037880	-0.118060	-0.026710	-0.057640	0.007420	0.001600	0.011400	-0.043470	0.001470	0.028950	-0.048670	-0.031780	-0.031440	-0.069040	-0.031840	-0.040360	-0.036480	-0.016430	-0.013480	-0.004290	0.003610	-0.002040	-0.034220	-0.070080	0.016630	0.014010	0.025920	0.033980	-0.005060	0.019170	-0.023620	-0.033310	-0.065530	-0.060090	-0.060530	-0.051180	-0.067250
-0.218090	-0.040270	-0.160670	-0.082730	-0.036240	-0.057390	-0.069580	-0.134990	-0.109660	-0.065280	-0.105210	-0.068790	-0.066700	0.002990	-0.060840	-0.054630	-0.051840	-0.071720	-0.070500	-0.122690	-0.096360	-0.112580	-0.035820	-0.042270	-0.093830	-0.094740	-0.114040	-0.087820	-0.081480	-0.047550	-0.008680	-0.052250	-0.055630	-0.060100	-0.061720	-0.081870	-0.072890
0.023910	-0.197920	-0.047200	-0.025080	-0.016620	-0.027030	0.007540	0.120410	0.049280	-0.029710	-0.042690	-0.164220	-0.140840	-0.247200	-0.225100	-0.219720	-0.218290	-0.230990	-0.253520	-0.186870	-0.233990	-0.218100	-0.301000	-0.272210	-0.198150	-0.210430	-0.170000	-0.206080	-0.182390	-0.255180	-0.254880	-0.150610	-0.134810	-0.184220	-0.204310	-0.160600	-0.150360
-0.240660	-0.105530	-0.066130	-0.039490	0.057380	0.038560	-0.007920	-0.081150	-0.061380	-0.052930	-0.219880	-0.331760	-0.345100	-0.261170	-0.302520	-0.297390	-0.296250	-0.310570	-0.274350	-0.326850	-0.272160	-0.266630	-0.192650	-0.219130	-0.252520	-0.242890	-0.281310	-0.229110	-0.303150	-0.231960	-0.201190	-0.335260	-0.404620	-0.405810	-0.376720	-0.314970	-0.293670
-0.031670	-0.089990	-0.042960	0.081290	0.098800	0.101590	0.127750	0.101240	0.112990	0.076730	0.022930	0.036460	0.049130	-0.002080	-0.015520	-0.006280	-0.002020	-0.004150	-0.013750	0.017890	-0.012020	-0.022540	-0.071450	-0.046570	0.008460	-0.012800	0.040530	0.002400	0.040310	-0.014660	0.006880	0.055330	0.077850	0.042960	0.028360	0.029110	0.001600
-0.122900	-0.145050	-0.152220	-0.169130	-0.166240	-0.178700	-0.211000	-0.125730	-0.172220	-0.136370	-0.094360	-0.135850	-0.123450	-0.149560	-0.138250	-0.150750	-0.148720	-0.155130	-0.173410	-0.203110	-0.183260	-0.183600	-0.153370	-0.172340	-0.183270	-0.175580	-0.215880	-0.176500	-0.203370	-0.152120	-0.184900	-0.139640	-0.113780	-0.102100	-0.132900	-0.168590	-0.110900
-0.032900	0.009470	0.007620	-0.073570	-0.086110	-0.070580	-0.043480	-0.107380	-0.059330	-0.102150	-0.107390	-0.066450	-0.094050	-0.024600	-0.032370	-0.022320	-0.023700	-0.020210	0.002480	0.023550	0.015830	0.021560	0.013460	0.021020	-0.001330	0.011330	0.020480	-0.002570	0.013520	-0.028710	0.004890	-0.073440	-0.119220	-0.105110	-0.051740	-0.014210	-0.077110
-0.033450	-0.066620	-0.149530	-0.104780	-0.158110	-0.166610	-0.161160	-0.151630	-0.173740	-0.108120	-0.039690	0.047080	0.049500	-0.012570	0.032670	0.020900	0.023520	0.037780	0.038980	0.035460	0.038290	0.040370	0.011640	0.022140	0.018950	0.003940	-0.005490	-0.012850	-0.015220	0.008020	-0.050680	0.022600	0.084020	0.099330	0.068090	0.033950	0.075620
5.883820	7.731520	9.410180	10.012920	9.432540	7.572470	4.425120	2.185920	0.955340	0.538960	-0.173090	-0.123060	0.050520	0.147460	0.029600	-1.448870	-1.929670	-1.717130	-1.575090	-1.327430	-0.933780	-0.349640	0.166130	0.479160	0.545840	0.369690	0.299290	0.321130	-0.131980	-0.771480	-1.480280	-2.416760	-3.738620	-4.609470	-5.044160	-4.755050	-3.668730
-0.594500	-0.623710	-0.699030	-0.608690	-0.399080	0.069450	0.329610	0.670530	0.431690	0.400530	0.369870	0.151920	-0.038470	-0.189890	-0.070850	-0.046390	0.176520	0.070070	0.228830	0.179390	0.254930	0.219300	0.225740	0.225660	0.091810	0.036070	-0.022500	-0.291760	-0.505800	-0.449280	-0.467800	-0.496190	-0.228860	-0.070290	0.154330	0.355020	0.175570
0.057310	-0.161120	-0.101180	0.092310	0.084110	-0.153150	0.080140	0.302890	0.695080	0.416970	-0.097610	-0.289020	-0.216950	-0.275360	-0.544140	-0.441650	-0.449350	-0.163320	-0.180850	-0.136040	-0.088640	0.064220	0.164960	0.284060	0.260480	0.233950	0.225120	0.268490	0.375840	0.242790	0.107130	0.020530	-0.237600	-0.480140	-0.735840	-0.837180	-0.634540
-0.164210	0.048360	0.089090	-0.333670	-0.336520	0.048470	-0.068620	-0.237190	-0.392320	-0.054540	0.475700	0.777540	0.441570	0.317390	0.515060	0.209810	0.049520	-0.225540	-0.234700	-0.331290	-0.283720	-0.306940	-0.328660	-0.360410	-0.246620	-0.100860	-0.077240	-0.001000	-0.331090	-0.402020	-0.410800	-0.338190	-0.161850	0.051660	0.355940	0.512490	0.558310
0.113200	0.051500	-0.138330	0.267050	0.203750	-0.331190	-0.468510	-0.780920	-0.913840	-1.229530	-1.572790	-1.828920	-1.254180	-0.954440	-0.953160	-0.493780	-0.346160	-0.094320	0.085900	0.326540	0.323010	0.341360	0.215710	0.082690	-0.057360	-0.345150	-0.329070	-0.298140	0.250490	0.355380	0.372890	0.450140	0.531450	0.558300	0.317600	0.219540	0.132800
0.003320	0.204730	0.405850	0.338190	0.455890	0.644150	0.054150	-0.080920	-0.364190	-0.498740	-0.437130	-0.327130	-0.424220	-0.223360	0.144570	0.203600	0.334300	0.408690	0.136950	-0.127050	-0.048520	-0.018100	0.109730	0.242170	0.216910	0.328950	0.225930	-0.055190	-0.645380	-0.784780	-0.862340	-0.768360	-0.621280	-0.568210	-0.331730	-0.222800	-0.118720
1.365310	1.455640	1.336560	0.807290	0.296270	-0.145680	-0.011070	-0.267840	-0.218420	0.326220	0.470470	0.582140	0.362900	0.107710	0.041320	-0.428270	-0.592950	-0.784510	-0.274600	-0.070900	-0.060950	-0.001530	-0.075750	0.003290	-0.135950	-0.049020	0.063490	0.281610	0.470430	0.396890	0.278590	-0.049790	-0.243330	-0.420120	-0.435860	-0.231880	-0.181570
-0.734060	-0.555340	-0.187380	0.648410	1.103220	1.216640	0.222610	-0.659220	-1.219910	-2.047960	-2.609060	-2.777700	-2.149000	-1.588000	-1.231880	-0.450210	-0.320540	0.059360	-0.346860	-0.473620	-0.230130	-0.050180	0.220150	0.172510	0.505420	0.307110	0.210620	0.153490	0.153130	0.188020	0.067240	0.317310	0.418570	0.582530	0.350550	0.015200	0.096700
2.219070	2.527120	2.369980	1.687180	0.923920	0.015210	-1.073380	-2.298180	-3.177490	-2.931090	-2.625600	-2.190940	-1.828370	-1.209180	-0.153640	0.078560	0.077090	-0.028560	0.502870	0.653110	0.612020	0.570340	0.249980	0.290270	-0.273330	-0.302400	-0.220960	-0.371310	-0.788920	-1.192780	-1.278780	-1.176120	-0.693580	-0.516680	0.006690	0.745640	0.906740
0.719100	1.078350	1.408970	1.474090	1.453300	1.142810	0.217120	-0.532220	-0.689050	-0.931050	-1.111920	-1.007940	-0.885420	-0.609420	-0.435950	-0.314380	-0.239850	-0.095520	-0.331260	-0.465300	-0.301960	-0.217110	0.081200	0.134290	0.481150	0.436000	0.427140	0.338120	0.336750	0.346590	0.157230	0.196370	-0.053750	-0.113500	-0.409470	-0.613960	-0.570900
-0.453700	-0.535880	-0.691420	-0.417800	-0.327290	-0.044050	0.309920	0.411410	0.461530	0.376010	0.256720	-0.114470	-0.111490	-0.343580	-0.486630	-0.501370	-0.535420	-0.461430	-0.336930	-0.227950	-0.191070	-0.080790	-0.136860	-0.066090	-0.248210	-0.125820	-0.167390	0.124520	0.411260	0.631560	0.685900	0.353350	0.401160	0.248990	0.260610	0.067130	0.025960
-0.272270	-0.412030	-0.405720	-0.644380	-0.616390	-0.733220	-0.589880	-0.175180	-0.202790	0.005160	0.198170	0.528690	0.513050	0.667910	0.660370	0.606280	0.595050	0.386430	0.377050	0.320980	0.172340	0.046490	-0.060350	-0.186650	-0.138110	-0.287130	-0.228520	-0.507090	-0.844050	-1.096160	-0.967620	-0.580120	-0.524850	-0.314530	-0.224780	0.081420	0.077930
-1.038800	-1.226190	-1.258630	-1.125250	-0.962110	-0.396210	0.352190	1.006290	1.697200	1.718820	1.733430	1.528910	1.200440	0.643310	0.207540	-0.047300	0.067940	0.212380	-0.059360	-0.087060	-0.175840	-0.309600	-0.390240	-0.451020	-0.487070	-0.365270	-0.437660	-0.269470	0.185940	0.624750	0.783170	0.693700	0.694660	0.595280	0.521310	0.086180	-0.108820
3.532760	4.304390	3.463540	-0.105160	-3.867680	-5.201160	-6.590680	-4.945720	-1.784010	1.014370	3.082930	0.704320	-1.741390	-2.298250	-1.463650	0.000230	-0.070300	-0.460800	-0.284160	0.499110	1.226690	1.485180	1.197810	0.275960	-0.572890	-1.072460	-0.778760	0.179030	0.340300	-0.428050	-1.985720	-3.209010	-2.970000	-1.815530	-0.044340	0.915690	0.992050
-0.390750	-0.263220	-0.035240	0.414380	0.547350	0.655710	0.672630	0.418250	-0.210340	-0.815620	-0.767720	-0.449000	0.212950	0.146870	-0.066570	-0.089570	-0.083150	0.188570	0.229900	0.023610	-0.131910	-0.272800	-0.249430	0.077900	-0.044680	-0.104090	-0.306440	-0.678850	-0.517180	-0.314250	0.167380	0.584500	0.396610	0.180040	0.068910	0.071720	0.123960
-0.413790	-0.887180	-0.951390	-0.209080	0.780520	0.771810	0.211760	-0.529210	-0.209470	0.254590	-0.323700	-0.693720	-1.085520	-0.346180	0.548750	0.477680	0.267480	-0.209540	-0.389330	-0.048790	0.162390	0.421190	0.463870	0.019940	-0.227410	-0.490340	-0.338500	0.163340	0.432760	0.316070	-0.358950	-0.958220	-0.994930	-0.515690	-0.015790	0.138980	0.088750
0.209270	0.632200	0.888950	0.036160	-0.977030	-0.856340	-0.250500	0.949320	0.563260	-0.204800	0.202760	0.257570	0.554810	-0.097440	-0.950100	-0.757400	-0.495800	-0.055300	0.228630	-0.045480	-0.143080	-0.279310	-0.313160	0.094350	0.144940	0.379130	0.285040	-0.129230	-0.572320	-0.891190	-0.439600	0.311370	1.009770	0.955940	0.352800	-0.121790	-0.338420
-0.082610	-0.311870	-0.719690	-0.300340	0.370000	0.098610	-0.264950	-1.540800	-1.275690	-0.224730	-0.111420	0.488640	0.245880	0.309360	0.699680	0.332880	0.249370	0.239070	0.089040	0.354940	0.218110	-0.089370	-0.339600	-0.798500	-0.462250	-0.332070	-0.036920	0.354550	0.611480	0.872860	0.239290	-0.414360	-0.761670	-0.369340	0.220770	0.348620	0.223550
0.386410	0.810650	0.627600	0.044930	-0.718020	-0.710690	-0.414800	-0.169810	-0.271590	-0.586760	-0.124560	0.080580	0.390720	0.520080	0.185820	0.206610	0.081200	-0.138560	-0.309840	-0.721520	-0.544810	0.010580	0.678800	0.959250	0.110740	-0.495920	-0.935500	-0.892450	-0.493310	-0.479950	-0.081550	0.256810	0.466660	0.404060	0.091050	-0.093350	-0.139240
0.031830	-0.437180	-0.469040	-1.106560	-1.380200	-0.784850	-0.397000	0.711450	0.745500	0.484980	0.301580	-0.188020	-0.422330	-0.880310	-0.629320	-0.447270	-0.299380	-0.098730	0.218120	0.911020	0.698910	0.105560	-0.881340	-1.010530	-0.237310	0.478240	1.097210	0.669030	-0.013050	-0.662770	-1.006660	-0.640290	-0.260690	0.067420	0.168910	0.086040	0.048430
1.045800	1.867890	1.423930	0.923530	0.256970	-0.561100	-1.055920	-2.543530	-2.346570	-1.464050	-0.327140	0.938150	1.051790	1.404300	0.933050	0.449920	0.210650	0.032120	-0.162160	-0.736060	-0.334100	0.228700	1.195010	1.041610	0.017980	-0.788900	-1.408450	-0.559510	0.407230	1.085510	0.735530	-0.448890	-0.826730	-0.416470	0.251530	0.480060	0.186880
0.387740	-0.027800	-0.805370	-1.979450	-2.659980	-1.908970	-1.329070	-1.121480	-1.462100	-1.121890	0.659180	2.232820	2.407710	0.993760	0.011070	-0.375820	-0.064500	0.293070	0.427180	0.794840	0.253770	-0.402620	-1.217620	-1.036100	-0.445670	0.077600	0.704920	0.060880	-0.608720	-1.626790	-1.659660	0.181410	1.796730	2.390410	1.395980	0.051620	-0.431460
1.260960	1.663960	1.134710	-0.422920	-1.325350	-1.573410	-1.385950	-0.899950	-0.607990	-0.128600	0.264680	0.130610	0.043430	0.229760	0.340960	0.424930	0.183520	-0.153280	-0.455510	-0.668700	-0.184300	0.380840	1.054090	0.816740	0.093690	-0.446370	-0.879070	-0.339300	0.147880	0.548970	0.282890	-0.524060	-0.971820	-0.849150	-0.291600	0.066300	0.138230
-0.161770	-0.091860	-0.113040	0.250470	0.366100	0.516880	0.720140	0.151970	-0.012580	-0.543300	-0.822230	-0.464830	-0.349510	0.056670	0.015730	-0.253440	-0.299290	-0.193530	0.270390	0.557470	0.353960	-0.003320	-0.541770	-0.464970	-0.192610	0.172860	0.468650	0.332830	0.437500	0.267960	0.128530	-0.449410	-0.813800	-0.596610	-0.059080	0.459020	0.361300
-0.850880	-1.128320	-0.719210	0.061050	0.580520	0.404940	-0.161500	-0.082600	-0.049070	0.522810	0.702710	0.397090	0.274150	-0.411650	-0.433420	-0.195990	-0.000600	0.149100	-0.185570	-0.414460	-0.480640	-0.380000	-0.119890	-0.057480	0.050430	-0.153000	-0.245880	-0.383980	-0.776220	-0.693440	-0.362630	0.777080	1.372710	0.874330	-0.153540	-0.948780	-0.782640
-0.098540	0.030550	0.349810	0.465510	0.593380	0.633890	0.883390	1.498380	1.602220	0.606240	-0.714710	-1.778790	-1.650670	-0.541860	-0.011260	0.214640	-0.016460	-0.237300	-0.259470	-0.333540	-0.286860	-0.208020	-0.078490	-0.138690	-0.146190	0.034450	-0.001990	0.214600	0.572660	0.859540	0.988620	-0.016960	-0.961900	-1.171720	-0.622600	0.177980	0.313600
