2.734780	2.634200	2.581060	2.862690	3.153320	3.178990	3.392250	3.342890	3.366570	3.394180	3.329400	3.476760	3.505440	3.510540	3.438290	3.425450	3.377250	3.401470	3.368620	3.357350	3.346730	3.349180	3.516310	3.518240	3.567180	3.482900	3.518690	3.563490	3.463180	3.292880	3.183290	3.082140	2.974470	2.953660	2.984200	2.888010	2.798830
-0.038700	-0.021210	-0.012900	-0.108990	-0.233540	-0.152400	-0.234930	-0.158310	-0.183970	-0.166930	-0.084790	-0.008770	-0.013880	0.015180	-0.048420	-0.034210	0.018610	-0.037070	-0.006990	-0.012480	-0.007810	-0.006950	-0.014950	-0.004650	-0.042790	0.025230	-0.002430	-0.022700	-0.008600	-0.030040	0.000820	0.003500	-0.003830	-0.011490	-0.058580	-0.017030	-0.023500
-0.297090	-0.239210	-0.234720	-0.273360	-0.221770	-0.302010	-0.272700	-0.313010	-0.285750	-0.221930	-0.168300	-0.205180	-0.191750	-0.217760	-0.162000	-0.198180	-0.267040	-0.180460	-0.204400	-0.184730	-0.223020	-0.214770	-0.146090	-0.166910	-0.122410	-0.220570	-0.168550	-0.166630	-0.127370	-0.164840	-0.153510	-0.186500	-0.178180	-0.197010	-0.150950	-0.160720	-0.213360
-0.066250	-0.170080	-0.158560	-0.119720	-0.159250	-0.126890	-0.101900	-0.123650	-0.139220	-0.146650	-0.241160	-0.178240	-0.199650	-0.205440	-0.243250	-0.210970	-0.113020	-0.198440	-0.189940	-0.197290	-0.137860	-0.164780	-0.227770	-0.207030	-0.249590	-0.136270	-0.216050	-0.181980	-0.246410	-0.177040	-0.222280	-0.165170	-0.197960	-0.170640	-0.202270	-0.239620	-0.156630
-0.133620	-0.045740	-0.109890	-0.017140	0.064590	0.063630	-0.001510	0.038030	0.059980	-0.042750	-0.005530	-0.131760	-0.117080	-0.055090	-0.059010	-0.058000	-0.184270	-0.109040	-0.104330	-0.127230	-0.190600	-0.137990	-0.107460	-0.114470	-0.055860	-0.181570	-0.084960	-0.139640	-0.123700	-0.149930	-0.130100	-0.189570	-0.100250	-0.111180	-0.103940	-0.053230	-0.121670
-0.045800	-0.093900	-0.023300	-0.137010	-0.135820	-0.082490	-0.052460	-0.090930	-0.107880	-0.008070	-0.086560	-0.040630	-0.029610	-0.081960	-0.110550	-0.143210	-0.012510	-0.091190	-0.097150	-0.050070	0.010860	-0.032130	-0.063860	-0.054790	-0.127970	-0.038560	-0.139980	-0.098740	-0.020550	-0.040680	-0.036520	0.011340	-0.099950	-0.121950	-0.082660	-0.091760	-0.037640
-0.170150	-0.137460	-0.234730	-0.150270	-0.193310	-0.284520	-0.182160	-0.122340	-0.162810	-0.198520	-0.173240	-0.209790	-0.182890	-0.169070	-0.150540	-0.093840	-0.206210	-0.110160	-0.107370	-0.156760	-0.211160	-0.177260	-0.098330	-0.152680	-0.092110	-0.129880	-0.053710	-0.057350	-0.155310	-0.137960	-0.144330	-0.199620	-0.086510	-0.062150	-0.132300	-0.110780	-0.135470
-0.158460	-0.107430	-0.064990	-0.151400	-0.097950	0.041910	-0.059300	-0.023280	-0.075000	0.010750	0.031730	-0.053920	-0.164410	-0.084470	-0.144930	-0.222320	-0.127920	-0.205820	-0.198060	-0.128290	-0.131730	-0.147150	-0.146100	-0.050510	-0.018350	-0.095240	-0.130600	-0.136630	-0.054380	-0.074290	-0.087950	-0.039220	-0.071380	-0.132950	-0.040190	-0.125860	-0.157700
-0.045660	-0.091360	-0.165300	-0.034660	-0.023500	-0.093520	0.048640	0.111200	0.033060	0.077010	-0.106590	-0.308610	-0.135790	-0.209910	-0.304670	-0.202500	-0.264000	-0.214300	-0.211960	-0.284670	-0.271320	-0.214540	-0.209950	-0.296460	-0.383230	-0.278250	-0.292700	-0.278760	-0.312330	-0.269450	-0.299510	-0.320840	-0.331070	-0.251810	-0.314210	-0.136790	-0.082910
-0.053360	-0.001030	-0.042110	-0.023110	0.027210	0.080080	0.058400	0.053130	0.040550	-0.007240	0.041440	-0.028320	-0.097380	-0.015470	-0.013420	-0.077000	-0.052410	-0.069070	-0.076030	-0.003260	-0.026360	-0.049860	0.017030	0.028930	0.097440	-0.011870	0.001970	-0.004060	0.052480	0.001250	0.025120	-0.018000	0.082360	-0.007140	0.047570	-0.055570	-0.045950
-0.255750	-0.234080	-0.209590	-0.258490	-0.238860	-0.237190	-0.201760	-0.226030	-0.199710	-0.191390	-0.178440	-0.136940	-0.185330	-0.171240	-0.189760	-0.166390	-0.160260	-0.157450	-0.136540	-0.166400	-0.194230	-0.180100	-0.207090	-0.182510	-0.121580	-0.144860	-0.148600	-0.120000	-0.145360	-0.133390	-0.156170	-0.089880	-0.140540	-0.147770	-0.143580	-0.148110	-0.221350
0.027340	-0.004190	-0.013340	-0.007720	-0.024500	-0.047270	-0.048280	-0.040820	-0.042700	-0.038520	-0.092210	-0.082470	0.005930	-0.055910	-0.035070	-0.034450	-0.061580	-0.042360	-0.068220	-0.073960	-0.035760	-0.034210	-0.016650	-0.030920	-0.151280	-0.063030	-0.056830	-0.098990	-0.109290	-0.086040	-0.081250	-0.136630	-0.143710	-0.070480	-0.113730	-0.045870	0.024700
-0.156610	-0.170220	-0.097080	-0.176620	-0.183350	-0.198120	-0.197600	-0.270890	-0.222880	-0.256500	-0.152650	-0.041800	-0.104170	-0.088370	0.000160	-0.035630	0.000360	-0.030510	-0.013360	0.009560	0.017140	-0.026660	-0.107060	-0.116970	-0.033820	-0.094860	-0.122910	-0.099090	-0.037480	-0.074990	-0.050900	-0.025270	-0.023750	-0.117930	-0.068650	-0.139430	-0.195110
1.570170	3.054860	4.948370	5.986990	6.512200	6.516080	5.098510	3.309510	2.147680	1.816630	0.967700	0.874420	0.308340	-0.076810	-0.490180	-1.246990	-1.337440	-1.144630	-0.101570	0.582190	1.317570	1.333060	1.507160	1.579050	0.998440	-0.422290	-2.215290	-3.411340	-4.594220	-5.071910	-5.235340	-5.105860	-4.478370	-3.587800	-2.884370	-2.234870	-1.706640
-1.000870	-1.233810	-1.683200	-1.629870	-1.559540	-1.275780	-0.447800	0.789340	1.521480	1.652050	1.685170	1.258480	1.225480	0.664500	0.162160	-0.111350	-0.058430	-0.028570	0.107680	-0.002760	-0.238470	0.070640	-0.015970	-0.067930	-0.075200	-0.148760	-0.072310	-0.032920	0.010110	-0.168970	-0.227600	-0.174510	-0.234080	-0.222340	-0.302910	-0.235670	-0.130690
0.475370	0.236390	0.119570	-0.182850	-0.360340	-0.293880	0.201340	0.500550	0.630740	0.833250	0.853570	0.735740	0.066410	-0.166270	-0.280900	-0.066250	-0.172740	-0.161280	0.017910	0.320930	0.626010	0.118360	0.205210	0.168160	0.348710	0.130580	-0.059150	-0.098720	-0.168710	-0.080230	-0.223740	-0.215850	-0.416680	-0.374520	-0.433720	-0.387740	-0.446860
-0.900600	-0.800530	-0.539860	-0.330570	-0.126150	0.121530	-0.447580	-0.636370	-0.696890	-0.898280	-1.042920	-0.817150	-0.199270	-0.011530	0.232290	0.017450	0.311030	0.349540	0.072240	-0.288810	-0.694930	-0.119380	-0.266810	-0.217820	-0.471260	-0.100990	-0.007110	0.057770	0.032560	-0.105200	0.118180	-0.140730	0.126220	0.045690	0.222210	0.152100	0.301930
1.197930	1.560660	1.465530	1.396490	1.243620	0.486140	0.226110	-0.899830	-1.481440	-1.306470	-1.032270	-0.957130	-1.132840	-0.675490	-0.544040	-0.256470	-0.731860	-0.864560	-0.544310	-0.219330	0.400600	-0.115770	0.127770	0.152040	0.160860	-0.255590	-0.370350	-0.578270	-0.381860	0.049690	-0.063000	0.432570	0.349230	0.327600	0.172800	0.088910	-0.300770
-0.716520	-0.656450	-0.439560	-0.369900	-0.322920	0.185380	0.101510	0.547030	0.485380	0.112890	-0.161150	-0.387630	-0.192920	-0.476120	-0.300800	-0.240540	0.256690	0.585480	0.528130	0.346030	-0.347820	-0.045800	-0.516820	-0.803890	-0.541250	-0.083880	0.226640	0.574390	0.447080	-0.088930	-0.026790	-0.464080	-0.526880	-0.259850	-0.076350	0.124880	0.566620
-0.209150	-0.631460	-0.529960	-0.177170	-0.034070	-0.041150	0.244700	-0.066210	0.127810	0.194540	-0.144870	0.120330	0.146840	0.439050	0.511250	0.421110	-0.085840	-0.321350	-0.177660	-0.229430	0.246700	0.008200	0.478240	0.891250	0.615480	0.135600	-0.273440	-0.541920	-0.528370	-0.180740	-0.332490	-0.014940	0.242740	0.088760	0.001660	-0.119770	-0.526530
0.421520	1.010990	0.995160	1.024240	0.711280	0.657890	0.774370	0.621230	-0.416940	-0.855110	-0.849240	-1.472240	-1.374510	-1.742310	-1.519460	-0.703820	-0.170200	-0.172900	0.211050	0.736690	0.909550	1.042880	0.612650	0.121860	0.247480	0.202390	-0.031910	-0.125230	0.023870	0.108350	0.294020	-0.094810	-0.645900	-0.764670	-0.879650	-0.979530	-0.766030
-0.243080	-0.302340	0.254940	0.968150	1.211960	1.552820	0.808060	-1.099270	-1.518800	-2.077890	-3.179690	-2.950810	-2.403990	-1.673860	-0.467240	-0.180560	-0.672470	-0.110460	0.178000	-0.353280	-0.728970	-0.811520	-0.689170	-0.420910	-0.583720	-0.480560	-0.215600	0.071890	-0.003150	-0.160390	-0.173770	0.486220	1.275570	1.701210	2.111840	2.185620	1.936140
0.408170	0.767560	0.906750	0.913110	0.762670	0.327100	0.301830	-0.250360	-0.997640	-1.091350	-0.869810	-0.917510	-0.757790	-0.622000	-0.643460	-0.061610	0.123750	-0.132190	0.241500	0.640520	0.953300	0.777300	0.532890	0.158480	0.302130	0.069620	-0.212500	-0.407620	-0.106770	0.125170	0.133950	-0.260040	-0.588180	-0.591700	-0.752940	-0.747600	-0.886820
0.093580	0.085840	0.201270	0.165650	0.205550	0.222730	0.335660	0.681400	0.516450	0.432810	0.215850	0.222100	0.096180	0.047300	0.081410	0.005940	0.014610	-0.104840	-0.267070	-0.387710	-0.155030	-0.029610	0.079520	0.398770	0.450720	0.390350	0.248650	0.213250	-0.019100	-0.017700	-0.089790	-0.199940	-0.460530	-0.746580	-0.896790	-1.072960	-0.852480
-0.505250	-0.644560	-0.713330	-0.676590	-0.579210	-0.395080	-0.517560	-0.558790	-0.149170	-0.084450	-0.018800	0.032030	-0.002140	0.051920	0.023050	-0.267500	-0.374820	-0.080640	0.014700	0.117940	-0.261320	-0.306390	-0.229120	-0.435340	-0.680680	-0.606630	-0.455460	-0.390950	-0.306120	-0.417390	-0.341200	0.088120	0.578010	0.892690	1.189650	1.399770	1.227040
-0.141270	-0.306450	-0.428080	-0.801860	-0.869330	-1.005000	-0.693450	0.409620	0.810260	1.167980	1.711040	1.915220	1.734990	1.400010	0.773180	0.514140	0.677440	0.294720	-0.408100	-0.689210	-0.699530	-0.775800	-1.023450	-0.997680	-0.525090	-0.117580	0.259380	0.361070	0.337470	0.259690	0.157960	-0.393310	-1.031740	-1.266090	-1.530330	-1.554000	-1.305300
3.377610	5.533600	6.173390	2.987800	-1.492580	-3.942230	-4.900460	-2.682020	-0.714010	0.363090	0.750380	-0.989170	-2.061830	-2.048600	-1.018840	0.148360	0.527290	0.283880	0.839680	1.585040	1.968380	1.132590	-0.888370	-1.619000	-1.830770	-1.684210	-2.378890	-3.462920	-3.008250	-1.229890	1.105110	2.309900	1.971460	0.814540	-0.062640	-0.285410	-0.130550
-1.356660	-1.730430	-1.561010	-0.060180	1.444660	1.510830	1.600520	1.115310	1.106810	0.953370	-0.432800	-1.448670	-1.565690	-1.106040	-0.065200	0.191180	-0.112100	0.005890	-0.218860	-0.080510	-0.209460	-0.182800	0.078960	0.034410	0.064240	-0.420710	-0.312220	0.014200	0.144170	0.262530	-0.375120	-0.571980	-0.383880	-0.033480	0.422230	0.347900	0.190040
-0.284790	-0.736420	-0.876660	-0.780890	-0.608100	0.405520	1.006600	1.285740	0.793610	-0.499320	-1.027630	-0.863080	-0.692260	-0.241370	-0.288100	0.075740	0.469780	-0.042480	0.050780	-0.030870	0.450700	0.281470	-0.550470	-0.743640	-0.547500	0.343980	0.379420	-0.132440	-0.632800	-0.718160	-0.177410	0.327470	0.266520	-0.120490	-0.597620	-0.735510	-0.448810
0.315150	0.821470	0.994550	0.659610	0.241910	-0.467710	-1.021430	-0.945710	-0.605420	0.070930	0.595610	0.245420	0.527590	0.559970	0.474680	-0.009180	-0.705960	-0.297080	-0.235440	-0.194070	-0.742850	-0.470600	0.339670	0.666320	0.421450	-0.507490	-0.478750	-0.099700	0.386150	0.334620	-0.016160	-0.575820	-0.460170	-0.027470	0.426590	0.735810	0.342040
0.621010	0.725780	0.381240	-0.632060	-1.348370	-1.501090	-1.047960	-1.032470	-1.150260	-0.403970	0.306200	1.554560	0.873840	-0.380510	-0.741160	-0.612270	0.307820	0.209040	0.083910	0.268430	0.820790	0.447550	-0.234020	-0.770920	-0.897050	-0.031200	-0.132730	-0.140220	-0.008500	0.193740	0.596460	0.794290	0.097680	-0.487440	-0.856690	-0.944580	-0.382960
-0.676620	-0.472950	-0.010870	0.810530	0.726690	0.337750	-0.124910	-0.219660	0.101900	-0.338860	-0.500400	-1.109070	-0.577030	0.323370	0.622200	0.801580	0.172170	0.222480	0.056210	-0.454650	-1.166450	-1.070750	-0.513530	0.053130	0.807290	0.595220	0.937370	0.638900	-0.513460	-1.133750	-1.491020	-0.984870	0.480420	1.179870	1.062370	0.575880	-0.170440
0.066620	-0.354840	-0.172870	0.133960	0.804630	1.060700	-0.013840	-0.865920	-1.005650	-0.357060	0.443770	0.957020	0.295410	-0.111380	-0.314030	-0.620830	-0.339090	-0.806510	-0.435550	0.270380	0.917670	0.863360	0.129190	-0.014260	-0.584750	-0.683120	-1.174280	-1.292920	0.024100	0.912530	1.250090	0.816810	-0.602260	-1.106330	-0.746550	-0.290020	0.270120
-0.531900	-0.185050	0.011910	0.422480	-0.243350	-0.991300	-0.429760	-0.343070	-0.404550	-1.156440	-1.711790	-0.945690	0.346750	0.561080	0.600180	0.765960	0.533530	0.898660	0.335620	-0.018060	0.384770	0.254430	-0.186920	-1.268220	-1.469450	-0.406290	0.645660	1.072880	0.192450	-0.664060	-0.633430	-0.685680	-0.454240	-0.379490	-0.641870	-0.430510	-0.382160
0.879660	1.151260	1.463500	1.111380	0.580390	0.245160	-1.545500	-3.428610	-3.466960	-2.315540	0.390920	2.391470	1.515420	1.238680	0.850990	0.031570	0.104040	-0.521790	-0.226180	0.379630	-0.423560	-0.941310	-0.861030	0.255040	1.240960	0.806180	0.078310	-0.619820	-0.609300	-0.152790	0.083170	0.961360	1.701940	1.622820	1.058210	0.088530	-0.322010
0.045670	0.297970	0.538880	0.309310	-0.406270	-1.232350	-1.252940	-0.865130	-0.642590	-0.207930	-0.078180	0.417560	0.712900	0.063820	-0.253230	0.049170	0.369360	0.624010	0.398160	-0.090220	0.356970	0.243730	-0.452110	-1.015580	-1.214580	-0.250090	0.403650	0.266470	0.033520	-0.163450	0.024220	-0.173880	-0.921250	-0.863710	-0.607260	-0.087030	0.169290
-0.362250	-0.483260	-0.309890	0.070610	0.218020	0.231080	0.000520	0.106910	0.013570	-0.198260	-0.522160	-0.745390	-0.232860	0.079620	0.385370	0.154730	-0.376910	-0.592220	-0.746830	-0.295200	0.417770	0.735960	0.740260	0.218250	-0.468800	-0.516610	-0.517880	-0.182750	0.095200	-0.076620	-0.150590	-0.503440	-0.616350	-0.632590	-0.577250	-0.365030	-0.217150
-0.066220	-0.042760	-0.059190	-0.040190	0.082150	0.240530	0.081090	-0.221020	-0.069080	0.139760	0.569330	0.383600	-0.421770	-0.459670	-0.564310	-0.321800	0.101230	0.110850	0.488920	0.424830	-0.518880	-0.932380	-0.887890	-0.258200	0.622400	0.268340	0.016700	-0.174670	-0.363370	-0.028990	0.010330	0.558410	1.124930	1.000900	0.730170	0.178230	-0.089030
-0.496340	-0.740090	-0.897250	-0.686920	-0.324270	-0.008940	0.634670	1.638750	1.798610	1.321690	0.086220	-1.096160	-0.728350	-0.614610	-0.642500	-0.443510	-0.495340	-0.139570	-0.521590	-1.284920	-1.027000	-0.251040	0.662590	0.750940	0.291530	0.294960	0.454180	0.475090	0.106800	-0.538500	-0.865310	-1.099980	-1.176960	-0.759890	-0.448160	-0.094870	0.003720
