2.629570	3.026770	3.111430	2.973340	2.947570	2.939730	2.975580	3.057420	2.947810	2.976200	2.993820	2.889900	3.031550	3.122240	3.184930	3.183250	3.121170	3.039740	3.239490	3.155230	3.329030	3.218530	3.204730	3.379230	3.449500	3.624890	3.641560	3.614110	3.660290	3.726170	3.820830	3.903510	3.993970	3.961030	3.854000	3.755520	3.996430	4.040850	4.088510	3.976660	3.933690	3.861920	3.881190	3.877010	3.880740	3.901930	4.086550	4.177220	4.157460	4.162360	4.163210	4.134080	4.091180
0.048910	-0.028240	-0.067790	-0.018530	-0.009960	-0.022280	-0.016100	-0.035290	-0.089980	-0.060530	-0.056350	-0.073450	-0.151420	-0.046680	-0.111430	-0.156920	-0.069670	-0.105900	-0.072340	-0.017750	-0.033150	-0.038140	-0.090310	-0.135760	-0.111370	-0.063520	-0.094120	-0.171160	-0.249890	-0.289860	-0.299850	-0.351650	-0.362720	-0.347080	-0.226610	-0.064000	-0.088970	-0.118950	-0.182500	-0.138830	-0.186460	-0.134170	-0.178960	-0.168850	-0.164540	-0.172730	-0.122910	-0.147700	-0.110250	-0.108260	-0.137210	-0.124360	-0.115970
-0.338400	-0.282020	-0.263780	-0.301920	-0.277070	-0.296970	-0.265720	-0.267550	-0.265820	-0.246030	-0.247990	-0.263350	-0.197460	-0.260210	-0.291390	-0.210180	-0.217930	-0.227790	-0.214540	-0.255820	-0.243550	-0.267280	-0.203640	-0.212060	-0.212730	-0.240630	-0.283230	-0.305970	-0.332960	-0.361050	-0.345460	-0.321360	-0.338560	-0.328860	-0.338860	-0.294270	-0.237140	-0.194430	-0.161670	-0.149030	-0.140560	-0.229400	-0.170800	-0.234500	-0.246590	-0.193910	-0.178690	-0.189650	-0.252380	-0.233850	-0.176630	-0.183800	-0.188170
-0.150780	-0.208120	-0.205690	-0.185740	-0.227580	-0.218170	-0.253630	-0.217690	-0.173360	-0.200020	-0.202360	-0.204080	-0.246640	-0.198370	-0.174080	-0.217520	-0.262800	-0.261590	-0.233790	-0.230710	-0.205000	-0.178080	-0.278020	-0.192820	-0.265160	-0.207330	-0.180490	-0.136610	-0.091370	-0.061070	-0.100210	-0.101520	-0.039520	-0.066240	-0.085150	-0.232740	-0.232560	-0.315310	-0.287060	-0.358780	-0.340890	-0.268640	-0.365200	-0.232080	-0.204040	-0.288650	-0.282700	-0.243580	-0.148650	-0.158920	-0.226270	-0.216730	-0.206390
-0.201430	-0.104660	-0.110510	-0.135350	-0.127070	-0.071020	-0.074280	-0.119610	-0.142220	-0.188990	-0.220600	-0.113330	-0.067120	-0.145890	-0.074740	-0.109660	-0.092590	-0.039580	-0.145210	-0.146010	-0.200100	-0.200520	-0.077510	-0.242000	-0.098800	-0.172490	-0.122360	-0.073950	-0.070160	-0.039750	-0.000330	0.056740	-0.065810	-0.019230	-0.053850	-0.027330	-0.140770	-0.015840	-0.064180	-0.003820	-0.044370	-0.078950	0.030850	-0.109100	-0.136060	-0.030200	-0.080600	-0.111230	-0.231280	-0.252350	-0.192640	-0.211800	-0.236220
-0.052290	-0.177410	-0.194620	-0.118350	-0.106320	-0.192010	-0.148160	-0.096300	-0.181930	-0.079560	-0.058470	-0.159090	-0.149370	-0.125950	-0.156320	-0.123180	-0.143780	-0.197600	-0.104000	-0.079150	-0.075710	-0.085730	-0.136480	-0.049660	-0.138590	-0.088440	-0.140620	-0.195010	-0.159300	-0.166530	-0.189850	-0.281610	-0.172970	-0.202780	-0.191020	-0.186560	-0.014800	-0.098590	-0.104990	-0.092930	-0.061590	-0.056260	-0.123760	-0.071720	-0.055740	-0.135290	-0.108630	-0.110370	0.009900	0.035040	-0.022280	-0.002470	0.014970
-0.221280	-0.060950	-0.064010	-0.186880	-0.217030	-0.156330	-0.226230	-0.248120	-0.060760	-0.234760	-0.231900	-0.158130	-0.217940	-0.183180	-0.258520	-0.186010	-0.164240	-0.202820	-0.143850	-0.218320	-0.170590	-0.151310	-0.193430	-0.115490	-0.184170	-0.195070	-0.238890	-0.214080	-0.193920	-0.287620	-0.267420	-0.211060	-0.226400	-0.246770	-0.241010	-0.284700	-0.343200	-0.329530	-0.235660	-0.279410	-0.336640	-0.343140	-0.367110	-0.295300	-0.290130	-0.255370	-0.175290	-0.128960	-0.215120	-0.227100	-0.180670	-0.199450	-0.197040
-0.072090	-0.191750	-0.251580	-0.108130	-0.122390	-0.130390	-0.053220	-0.038510	-0.272110	-0.083350	-0.169730	-0.171610	0.000580	-0.102410	-0.001320	-0.094180	-0.149670	-0.081510	-0.062700	-0.115390	-0.133270	-0.114880	-0.007700	-0.179270	-0.054290	-0.010450	0.010690	-0.067120	-0.015770	0.132900	0.141260	-0.035130	0.037670	0.155020	-0.066650	-0.040360	-0.080150	-0.019450	-0.125250	-0.067620	-0.155230	-0.191460	-0.139190	-0.269530	-0.269790	-0.201020	-0.099840	-0.190030	-0.125200	-0.093840	-0.119250	-0.086850	-0.110120
-0.247620	-0.141730	-0.168760	-0.188970	-0.251950	-0.240780	-0.255330	-0.214680	-0.069170	-0.353170	-0.337940	-0.176020	-0.193660	-0.226970	-0.150620	-0.116660	-0.195580	-0.259780	-0.271400	-0.227480	-0.314930	-0.314080	-0.286690	-0.138890	-0.219560	-0.347280	-0.304440	-0.081640	0.114190	-0.039950	-0.015190	0.061050	0.023560	-0.054230	-0.004030	-0.236210	-0.184140	-0.220860	-0.160730	-0.129810	-0.128670	-0.125220	-0.204470	-0.104650	-0.088360	-0.166810	-0.176690	-0.065860	-0.073910	-0.139180	-0.147000	-0.186790	-0.187520
-0.059050	0.003610	-0.019780	-0.100120	-0.071700	-0.069550	-0.127660	-0.135830	-0.155000	-0.053600	-0.086190	-0.164660	-0.130440	-0.130350	-0.211920	-0.067750	-0.106760	-0.110220	0.048320	-0.082910	-0.005950	0.117680	0.043760	0.069880	0.014310	0.080370	0.005030	-0.200690	-0.212170	-0.096940	-0.097280	-0.192200	-0.055230	-0.069400	-0.238140	-0.219600	-0.150110	-0.049980	-0.012290	-0.023150	-0.135140	-0.156180	-0.138380	-0.159070	-0.159860	-0.062960	0.041200	-0.014560	-0.045730	0.005190	0.001580	0.017730	0.032280
-0.179540	-0.257620	-0.312800	-0.170870	-0.240810	-0.206040	-0.143440	-0.136540	-0.202560	-0.202480	-0.223900	-0.135510	-0.095720	-0.171670	-0.062200	-0.254890	-0.169690	-0.179930	-0.210120	-0.211030	-0.212680	-0.349710	-0.197730	-0.307940	-0.220260	-0.215840	-0.197610	-0.107070	-0.045900	-0.093700	-0.072920	-0.105810	-0.176540	-0.123190	-0.084910	-0.104090	-0.160810	-0.249500	-0.306890	-0.292340	-0.297050	-0.300650	-0.297440	-0.339770	-0.332980	-0.359440	-0.295570	-0.338260	-0.264980	-0.275930	-0.262400	-0.254340	-0.277650
-0.112360	-0.087700	-0.013750	-0.095930	-0.029010	-0.087470	-0.087320	-0.088060	-0.047390	-0.073280	-0.048050	-0.108360	-0.138890	-0.031620	-0.155400	-0.019170	-0.110640	-0.072750	-0.130950	-0.058160	-0.109200	-0.039860	-0.167790	-0.103770	-0.157710	-0.166480	-0.176240	-0.159360	-0.237350	-0.243400	-0.277590	-0.209640	-0.151980	-0.176410	-0.172150	-0.103820	-0.140840	-0.093640	-0.057310	-0.051560	0.017080	0.008390	0.000970	0.060350	0.050610	0.031650	-0.067590	0.023620	-0.047160	-0.055130	-0.052510	-0.063740	-0.053970
-0.119870	-0.148820	-0.137280	-0.155660	-0.175070	-0.137440	-0.165270	-0.198890	-0.174910	-0.092160	-0.057240	-0.114980	-0.166900	-0.197630	-0.133490	-0.152770	-0.078570	-0.147150	-0.148830	-0.133410	-0.109400	-0.132430	-0.119530	-0.185000	-0.135950	-0.101950	-0.046890	-0.173080	-0.235430	-0.162570	-0.127440	-0.203700	-0.132310	-0.180390	-0.228220	-0.115030	-0.045350	-0.057520	-0.085200	-0.122830	-0.134010	-0.088040	-0.096480	-0.117220	-0.112640	-0.068810	-0.106840	-0.205460	-0.154830	-0.156930	-0.179950	-0.188470	-0.174350
3.547800	3.247620	2.780670	2.295070	0.943210	-0.613360	-0.460080	-0.266260	0.025250	0.492490	0.996610	1.428080	1.812730	1.259880	1.556020	1.339970	1.138090	0.763310	0.599810	1.365290	2.209180	3.177960	3.302490	3.714170	3.514660	3.942640	3.799590	3.315960	3.367910	3.024720	2.618850	1.673250	1.440070	1.233130	1.165700	0.761850	0.443670	0.260540	0.121850	-0.488830	-1.600050	-1.547180	-0.439260	1.223980	2.160230	2.720400	2.696440	2.351020	1.560250	0.573920	-0.516860	-0.873830	-0.782040
-0.864850	-0.829470	-0.698130	-0.578540	-0.593530	-0.351790	-0.369690	-0.625620	-0.941490	-0.662680	-0.667740	-0.734660	-0.407720	-0.464820	-0.224470	0.266930	0.572680	0.428270	0.485590	0.081000	-0.429110	-0.357150	-0.594890	-0.984800	-1.317820	-1.655590	-1.801570	-2.153880	-2.516370	-2.467390	-1.461600	0.204740	1.355880	1.911290	1.881660	1.869410	1.246630	0.612490	-0.351190	-0.840170	-0.556670	-0.330190	0.029420	-0.023900	0.256060	0.277320	0.365990	0.285130	0.233810	0.151120	-0.021050	-0.000880	-0.111590
0.443970	0.380860	0.401340	0.341800	0.218370	0.101520	0.166350	0.226920	0.359890	0.261660	-0.077670	0.058530	0.099010	0.059100	0.133110	0.000750	-0.151500	-0.089070	-0.015980	-0.189040	-0.038040	-0.034870	-0.228710	-0.391860	-0.777870	-1.137770	-1.436480	-1.242400	-1.041500	-0.678630	-0.379120	-0.016030	0.472900	0.928920	1.236970	1.474180	1.669300	1.242240	0.988940	0.272810	-0.373090	-0.570300	-0.536290	-0.398070	-0.419610	-0.221310	-0.145070	0.142710	0.107540	-0.034400	0.028590	0.161980	0.250050
-0.695600	-0.741150	-0.861150	-0.734540	-0.363720	-0.076970	-0.037000	0.002480	-0.030130	-0.018040	0.109070	-0.158940	-0.464440	-0.498350	-0.466160	-0.399550	-0.210330	-0.125330	-0.267320	0.132560	0.044630	0.009290	0.031850	0.287850	0.643010	1.108630	1.408340	1.125240	1.339640	0.932190	0.539310	-0.431920	-1.130780	-1.838500	-2.057750	-2.533620	-2.685890	-1.999820	-1.604440	-0.472170	0.181210	0.468380	0.421700	0.640120	0.836140	0.870460	0.814630	0.271790	0.287470	0.417630	0.127120	-0.215890	-0.439640
0.657830	0.851320	0.901380	0.643000	0.212350	-0.464600	-0.796560	-0.612750	-0.365550	-0.460200	0.028780	0.365480	0.579230	0.864950	0.391650	-0.286660	-0.719580	-0.836360	-0.721500	-0.977280	-0.667620	-0.578230	0.056640	0.439820	0.762860	0.861260	0.954900	1.691740	0.981560	0.997530	0.426950	0.094510	-0.544660	-0.598360	-0.747630	-0.433940	0.006400	-0.203210	0.272420	-0.034970	-0.262360	-0.524810	-0.474800	-0.724170	-1.104910	-1.545270	-1.711650	-1.291970	-1.427070	-1.569860	-1.083210	-0.642540	-0.199370
-0.940470	-1.111790	-0.968030	-0.520940	-0.372390	0.315310	0.489030	0.055290	0.006250	0.142060	-0.252420	-0.330790	-0.257230	-0.779630	-0.400100	0.208720	0.348850	0.414140	0.329910	0.451590	0.276610	0.214630	-0.380490	-0.782140	-0.825680	-0.800830	-0.828520	-1.372860	-0.903420	-0.874570	-0.483730	-0.233390	0.477980	0.852560	1.104660	1.226860	0.918710	0.955050	0.455600	0.144110	-0.200440	-0.135220	-0.261820	-0.417350	-0.026070	0.519640	0.766070	0.720180	0.883020	1.039090	0.726680	0.397320	-0.064370
0.478700	0.382230	-0.058760	-0.582390	-0.329730	-0.933590	-0.710860	-0.037400	-0.123430	-0.190090	-0.288510	-0.344170	-0.462430	0.117950	0.206250	-0.079890	0.180090	0.230630	0.219890	0.154410	0.033730	-0.023540	-0.418130	-0.382590	-0.568500	-0.915000	-0.967250	-0.888550	-0.463910	-0.353210	-0.211420	-0.417490	-0.687710	-0.673320	-0.616320	-0.685280	-0.689400	-0.670650	-0.732900	-0.358790	-0.128110	-0.045450	0.338030	1.221970	1.435810	1.251240	1.110390	0.612070	0.314780	-0.054900	-0.343850	-0.290740	0.015770
-0.904310	-0.752030	-0.232780	0.326420	-0.082320	0.463970	0.077720	-0.637170	-0.025990	-0.006860	0.356660	0.605480	0.746860	0.104040	0.289700	-0.187970	-0.800890	-0.517570	-0.205120	-0.168150	0.082340	0.190860	0.585540	0.670850	0.702510	1.139830	1.436400	1.307070	0.638590	0.847460	0.179470	-0.221380	-1.119430	-1.504900	-1.566490	-1.097600	-1.652280	-1.867720	-1.058180	-1.584200	-1.776900	-1.664070	-0.722140	-0.589570	0.155220	0.644970	0.790570	1.254910	0.922130	0.428630	0.119300	0.225000	-0.109960
0.305840	0.094150	-0.182600	-0.289060	0.153570	-0.718200	-0.894110	-0.361210	0.007310	-0.067600	0.193740	0.427990	0.411170	0.846000	0.004960	-0.666040	-0.987680	-1.255240	-1.459350	-0.630800	0.033120	-0.105500	-0.242040	0.499130	2.053510	2.212370	2.199560	2.329770	2.701300	2.195840	1.087220	-1.079150	-1.991500	-1.969020	-2.141710	-1.946140	-1.250160	-0.538090	-0.383230	0.572150	0.532410	0.291380	-0.190080	0.028260	0.274100	0.208700	0.139730	-0.462870	-0.586960	-0.546710	-0.799570	-1.081110	-0.797660
-0.148990	-0.239210	-0.551360	-0.827630	-1.103750	-0.878360	-0.475390	-0.413510	-0.471560	-0.356840	-0.498960	-0.212580	-0.183060	-0.292250	0.694960	0.892350	1.001930	1.618430	1.691560	1.287250	1.099680	0.899230	0.192990	-0.658660	-1.963410	-2.293160	-1.915130	-2.071390	-1.313210	-0.764460	-0.476620	-0.172810	-0.395050	-0.324760	0.310280	0.815490	0.324020	0.376160	0.529620	-0.174370	-0.867910	-0.886120	-0.074160	0.611960	1.121370	1.297140	1.212900	1.124510	0.834760	0.349700	0.157000	0.389900	0.352850
-0.680080	-0.522160	-0.087310	0.339040	0.458290	0.600880	0.290360	0.023780	0.448690	0.144940	0.383760	0.021000	0.145060	-0.068820	-0.425730	-0.885720	-0.923190	-1.232680	-1.060040	-0.754850	-0.816650	-0.469330	-0.054170	0.589840	1.370950	1.787490	1.483020	1.530110	0.651290	0.292860	0.012640	-0.384090	-0.648540	-0.908150	-1.432770	-1.582090	-1.695240	-1.985240	-1.871540	-1.561490	-1.065330	-0.729720	-0.383430	-0.448790	-0.116900	0.120280	0.372450	0.634650	0.548880	0.434930	0.133340	0.069320	-0.226040
0.488140	0.364650	0.216880	0.041110	0.003710	-0.202210	-0.222990	-0.154930	-0.525270	-0.088980	-0.437510	-0.172420	-0.345070	-0.140230	-0.272270	0.070680	-0.081980	-0.109100	-0.210570	-0.538700	-0.453070	-0.721390	-0.783420	-0.965470	-1.067100	-1.268950	-1.126670	-1.114490	-0.509700	-0.224130	0.053300	0.560930	0.932460	1.084340	1.207560	0.996720	1.174250	1.378580	1.270710	1.244250	1.287950	0.916280	0.211140	0.026450	-0.493590	-0.706650	-0.880450	-1.075320	-0.869570	-0.598170	-0.316980	-0.446400	-0.133350
-0.508370	-0.441290	-0.467990	-0.583760	-0.524540	-0.079320	0.333090	0.480700	0.306460	-0.076540	0.007730	-0.128260	-0.148050	-0.442530	-0.357770	0.019910	0.281160	0.185120	-0.047440	-0.299290	-0.399870	-0.010250	0.280060	-0.043040	-0.514190	-0.471790	-0.350870	-0.475460	-0.557680	-0.639660	-0.698510	0.096930	0.608280	0.631490	0.730370	0.776990	0.392980	0.480120	0.248850	-0.388450	-0.552460	-0.195140	-0.027360	-0.343090	-0.524230	-0.737680	-0.790460	-0.827550	-0.819930	-0.732250	-0.363720	-0.079810	-0.221460
-1.864610	-4.292440	-4.956170	-2.950740	-0.511110	1.073260	0.253710	-1.249730	-0.524640	0.578770	1.821030	2.475250	0.612040	-1.607870	-2.383210	-1.746720	0.756550	1.800990	0.324790	-0.131020	-0.498990	1.512230	2.868490	1.277480	-0.493860	-2.497420	-1.854350	0.098500	1.269520	1.100850	-0.906390	-3.187860	-3.285840	-1.122480	1.882520	2.779120	0.137740	-2.689880	-3.730870	-2.028420	0.342190	1.506640	2.144950	2.526060	2.449350	1.301110	-0.925200	-2.580260	-2.767940	-2.028060	-0.901070	-0.355310	-0.141170
0.347620	0.846750	1.025340	0.515160	-0.355800	-0.829310	-0.637880	-0.055180	0.065750	0.019480	-0.096420	-0.232520	0.202190	0.001690	0.359020	0.764690	0.451750	0.418390	-0.588360	-1.471610	-1.414850	-0.807260	0.346840	0.681540	-0.359360	-1.638970	-1.860910	-0.976680	0.275550	0.988610	1.479660	2.566760	3.008330	2.105530	-0.469440	-2.822890	-3.044410	-1.621180	0.049290	0.491510	0.313500	-0.175580	0.066400	0.255590	0.279130	0.317570	-0.253520	-0.367630	-0.560630	-0.426400	-0.050280	0.024280	0.085450
-0.380180	-0.716910	-0.716310	-0.353110	-0.094820	0.224430	0.017170	-0.219010	-0.057020	-0.213300	-0.401840	-0.347140	-0.346740	0.208640	0.448970	-0.190070	-0.519340	-0.824320	-0.387940	0.403870	0.511270	0.294500	-0.595850	-1.192590	-1.264310	-0.904010	-0.132190	0.439960	0.799400	0.815250	0.368610	0.055170	0.284170	0.713960	1.097280	0.724440	-0.118860	-1.170930	-1.636880	-1.587850	-1.180160	-0.146870	0.326850	0.843150	0.465690	-0.446040	-0.557370	-0.289520	0.496170	0.568920	-0.098740	-0.552090	-0.635510
-0.002250	0.169760	0.044020	-0.043780	0.315960	0.437970	0.587140	0.071170	-0.753870	-0.702350	-0.271550	0.191310	0.168510	-0.578430	-0.828650	-0.314450	0.497270	1.015440	0.332060	-0.298470	-0.872550	-0.698540	0.267900	0.587810	1.232980	0.975870	0.179290	-0.570060	-1.146780	-0.951840	-0.468820	-0.853070	-1.706490	-2.126200	-1.557460	-0.047250	0.807460	1.479970	1.070150	1.148930	1.213920	0.423250	0.124800	-0.979740	-0.648020	0.475680	0.556870	0.080730	-1.192080	-1.424310	-0.462350	0.255020	0.455520
-0.493140	-0.732820	-0.572430	-0.375200	-0.476600	-1.041210	-1.502170	-0.699770	0.731080	1.558580	1.431460	0.047960	-0.837530	-0.480180	-0.581420	-0.422610	-1.049940	-1.510020	-0.064340	0.397790	1.156090	0.786820	-0.214470	0.466150	0.150830	0.625510	0.485650	0.043370	-0.204150	-0.973780	-1.394710	-1.379540	-0.774630	-0.202800	0.307410	0.592140	0.813070	0.045060	-0.098250	-0.724200	-0.982020	-0.370920	-0.568460	0.326100	-0.111700	-1.294960	-1.204910	-0.637540	0.920330	1.446770	0.541990	-0.156820	-0.501190
0.740470	1.182110	1.075170	0.505210	-0.186300	0.072850	0.426200	0.126470	-0.227450	-1.076580	-1.015370	-0.130570	0.188870	0.165960	0.073540	0.025800	0.623450	0.873500	-0.195760	-0.701800	-1.058780	-0.653710	-0.073250	-0.655690	-0.518170	-0.551930	-0.044340	0.139530	-0.134220	0.049620	0.324680	0.854140	1.061240	1.020060	0.463180	-0.338910	-1.244870	-0.977390	-0.607240	-0.263070	-0.095990	-0.555530	-0.251490	-0.366760	0.163400	1.171580	1.175800	0.673090	-0.759190	-1.386100	-0.755230	-0.180370	0.217110
-1.549840	-2.346090	-2.223870	-1.008440	0.772050	1.103060	0.615730	-0.054070	-1.033180	-0.139180	-0.168800	-0.167360	0.354720	-0.057780	0.616620	0.095830	-0.481160	-0.314590	-0.485280	0.333730	0.063880	-0.384700	-0.654220	-1.165030	-0.384390	-0.108110	0.075160	0.160360	0.056410	0.551410	0.369120	-0.299780	-0.967220	-1.185860	-0.324640	0.681040	0.938930	0.259940	-0.947810	-0.867090	0.104760	1.112540	1.698860	1.185930	0.349750	-0.735230	-1.612270	-1.609920	-0.664880	0.110430	0.191060	-0.058120	-0.378770
1.033990	1.806330	2.093180	1.194860	-0.541170	-1.451870	-1.754190	-0.931070	1.174040	1.132600	1.547320	0.465930	-1.594580	-1.292230	-1.408110	-0.150940	0.617140	-0.068910	0.142870	-0.098330	0.208010	0.465810	0.238270	0.578570	-0.135770	-0.105660	0.365670	0.187810	-0.318740	-1.277960	-1.770500	-0.952520	-0.911620	-0.927980	-0.105280	0.248650	0.611830	-0.241530	-0.501650	-0.646080	-0.347880	0.176660	0.719480	1.771410	1.576960	0.713980	-0.436070	-0.592500	-0.619140	-0.561470	-0.476920	-0.593250	-0.182350
-0.822860	-1.525690	-1.570990	-0.787440	1.005120	0.985480	-0.257730	-1.085010	-1.196160	0.986090	1.726510	0.985450	0.005230	-1.348150	-1.805430	-1.525920	-0.929060	-0.021310	0.563820	0.978530	1.385850	0.672460	-0.574470	-1.077850	1.046860	3.125730	2.615420	-0.176530	-3.020460	-2.863040	-1.688560	-1.685460	-1.783060	-1.667970	-0.417780	1.899630	2.231920	1.856990	0.300980	-0.924670	-0.566810	-0.313120	0.094590	-0.194730	-0.102760	0.270270	0.037680	-0.868660	-1.398820	-0.967830	-0.074280	0.543080	0.325190
-0.840990	-1.065620	-0.924610	-0.341620	-0.253230	0.241510	0.716210	0.558720	0.232050	-0.748130	-1.089940	-0.069220	0.537510	0.897040	1.307010	0.276520	0.100890	0.146700	-0.412810	0.307130	-0.635050	-1.326310	-1.092620	-1.987610	-2.016370	-1.719070	-0.205630	1.881420	2.492660	1.541000	-0.267270	-1.233150	-1.568380	-0.237900	1.808680	2.381710	1.080800	-1.605300	-2.995490	-2.169950	-0.274340	1.216970	2.004640	1.921470	0.866600	-0.526250	-1.586650	-1.208850	-0.270010	0.182610	0.127370	-0.280990	-0.310590
0.729850	1.231840	1.470900	0.786830	0.238100	-0.728210	-1.395250	-0.859930	0.185580	0.874680	1.120810	-0.481800	-1.535070	-1.262350	-1.051320	0.398940	0.282980	-0.448870	-0.291830	-0.565520	0.334180	1.198700	0.720130	1.155870	0.924570	0.550260	0.195940	-1.208960	-1.998670	-1.769690	-0.862670	0.354790	0.789190	-0.356320	-1.636070	-1.991700	-1.042270	0.629760	1.513670	1.064160	0.289430	-0.359370	-0.227360	0.250030	0.613530	0.758230	0.329970	0.114980	-0.465530	-0.681460	-0.670420	-0.614840	-0.251590
-0.333690	-0.653250	-0.983850	-0.761610	-0.535740	0.151190	0.458460	0.016800	-0.587510	-0.579490	-0.545210	0.370010	0.627030	0.030480	-0.049270	-0.710380	-0.280110	0.155840	-0.031960	-0.292270	-0.710510	-0.883320	-0.258250	0.005030	0.014520	-0.132530	-0.615900	-0.273140	0.671050	1.323890	1.345690	0.587710	-0.403810	-0.391140	-0.119550	0.021730	0.400910	0.164920	-0.152560	-0.258410	-0.665000	-0.538630	-0.912800	-1.200070	-1.049430	-0.652750	0.156580	0.061750	0.219380	0.217970	0.175390	0.286460	-0.052300
-0.248520	-0.072330	0.009590	-0.012320	-0.065860	0.052100	0.762310	0.991860	0.196820	-1.249020	-1.838370	-1.000120	0.618570	1.293150	0.501800	-0.341680	-0.842650	-0.313260	0.153310	-0.172430	-0.414110	-0.330340	0.378870	0.669930	-0.376920	-1.323470	-1.296860	-0.129120	1.110540	0.737800	-0.259030	-0.390440	0.153870	1.239360	1.274360	-0.285930	-1.564350	-1.779570	-0.833460	0.346880	0.554640	0.149270	-0.111950	-0.541150	-0.778590	-0.858180	-0.420710	0.365980	0.417550	0.300640	0.091490	0.012400	0.129940
