6.141840	6.141840	6.141840	6.141840	6.141840	6.141840	6.141840	6.141840	6.141840	6.141840	6.141840	6.141840	6.141840	6.141840	6.141840	6.141840	6.141840	6.141840	6.141840	6.141840	6.141840	6.141840	6.141840	6.141840	6.141840	6.141840	6.141840	6.141840	6.141840	6.141840	6.141840	6.141840
-0.604470	-0.604470	-0.604470	-0.604470	-0.604470	-0.604470	-0.604470	-0.604470	-0.604470	-0.604470	-0.604470	-0.604470	-0.604470	-0.604470	-0.604470	-0.604470	-0.604470	-0.604470	-0.604470	-0.604470	-0.604470	-0.604470	-0.604470	-0.604470	-0.604470	-0.604470	-0.604470	-0.604470	-0.604470	-0.604470	-0.604470	-0.604470
-0.190150	-0.190150	-0.190150	-0.190150	-0.190150	-0.190150	-0.190150	-0.190150	-0.190150	-0.190150	-0.190150	-0.190150	-0.190150	-0.190150	-0.190150	-0.190150	-0.190150	-0.190150	-0.190150	-0.190150	-0.190150	-0.190150	-0.190150	-0.190150	-0.190150	-0.190150	-0.190150	-0.190150	-0.190150	-0.190150	-0.190150	-0.190150
-0.280710	-0.280710	-0.280710	-0.280710	-0.280710	-0.280710	-0.280710	-0.280710	-0.280710	-0.280710	-0.280710	-0.280710	-0.280710	-0.280710	-0.280710	-0.280710	-0.280710	-0.280710	-0.280710	-0.280710	-0.280710	-0.280710	-0.280710	-0.280710	-0.280710	-0.280710	-0.280710	-0.280710	-0.280710	-0.280710	-0.280710	-0.280710
-0.202470	-0.202470	-0.202470	-0.202470	-0.202470	-0.202470	-0.202470	-0.202470	-0.202470	-0.202470	-0.202470	-0.202470	-0.202470	-0.202470	-0.202470	-0.202470	-0.202470	-0.202470	-0.202470	-0.202470	-0.202470	-0.202470	-0.202470	-0.202470	-0.202470	-0.202470	-0.202470	-0.202470	-0.202470	-0.202470	-0.202470	-0.202470
-0.232400	-0.232400	-0.232400	-0.232400	-0.232400	-0.232400	-0.232400	-0.232400	-0.232400	-0.232400	-0.232400	-0.232400	-0.232400	-0.232400	-0.232400	-0.232400	-0.232400	-0.232400	-0.232400	-0.232400	-0.232400	-0.232400	-0.232400	-0.232400	-0.232400	-0.232400	-0.232400	-0.232400	-0.232400	-0.232400	-0.232400	-0.232400
-0.201770	-0.201770	-0.201770	-0.201770	-0.201770	-0.201770	-0.201770	-0.201770	-0.201770	-0.201770	-0.201770	-0.201770	-0.201770	-0.201770	-0.201770	-0.201770	-0.201770	-0.201770	-0.201770	-0.201770	-0.201770	-0.201770	-0.201770	-0.201770	-0.201770	-0.201770	-0.201770	-0.201770	-0.201770	-0.201770	-0.201770	-0.201770
-0.208570	-0.208570	-0.208570	-0.208570	-0.208570	-0.208570	-0.208570	-0.208570	-0.208570	-0.208570	-0.208570	-0.208570	-0.208570	-0.208570	-0.208570	-0.208570	-0.208570	-0.208570	-0.208570	-0.208570	-0.208570	-0.208570	-0.208570	-0.208570	-0.208570	-0.208570	-0.208570	-0.208570	-0.208570	-0.208570	-0.208570	-0.208570
-0.196250	-0.196250	-0.196250	-0.196250	-0.196250	-0.196250	-0.196250	-0.196250	-0.196250	-0.196250	-0.196250	-0.196250	-0.196250	-0.196250	-0.196250	-0.196250	-0.196250	-0.196250	-0.196250	-0.196250	-0.196250	-0.196250	-0.196250	-0.196250	-0.196250	-0.196250	-0.196250	-0.196250	-0.196250	-0.196250	-0.196250	-0.196250
-0.190560	-0.190560	-0.190560	-0.190560	-0.190560	-0.190560	-0.190560	-0.190560	-0.190560	-0.190560	-0.190560	-0.190560	-0.190560	-0.190560	-0.190560	-0.190560	-0.190560	-0.190560	-0.190560	-0.190560	-0.190560	-0.190560	-0.190560	-0.190560	-0.190560	-0.190560	-0.190560	-0.190560	-0.190560	-0.190560	-0.190560	-0.190560
-0.186230	-0.186230	-0.186230	-0.186230	-0.186230	-0.186230	-0.186230	-0.186230	-0.186230	-0.186230	-0.186230	-0.186230	-0.186230	-0.186230	-0.186230	-0.186230	-0.186230	-0.186230	-0.186230	-0.186230	-0.186230	-0.186230	-0.186230	-0.186230	-0.186230	-0.186230	-0.186230	-0.186230	-0.186230	-0.186230	-0.186230	-0.186230
-0.169830	-0.169830	-0.169830	-0.169830	-0.169830	-0.169830	-0.169830	-0.169830	-0.169830	-0.169830	-0.169830	-0.169830	-0.169830	-0.169830	-0.169830	-0.169830	-0.169830	-0.169830	-0.169830	-0.169830	-0.169830	-0.169830	-0.169830	-0.169830	-0.169830	-0.169830	-0.169830	-0.169830	-0.169830	-0.169830	-0.169830	-0.169830
-0.150290	-0.150290	-0.150290	-0.150290	-0.150290	-0.150290	-0.150290	-0.150290	-0.150290	-0.150290	-0.150290	-0.150290	-0.150290	-0.150290	-0.150290	-0.150290	-0.150290	-0.150290	-0.150290	-0.150290	-0.150290	-0.150290	-0.150290	-0.150290	-0.150290	-0.150290	-0.150290	-0.150290	-0.150290	-0.150290	-0.150290	-0.150290
-0.128000	-0.128000	-0.128000	-0.128000	-0.128000	-0.128000	-0.128000	-0.128000	-0.128000	-0.128000	-0.128000	-0.128000	-0.128000	-0.128000	-0.128000	-0.128000	-0.128000	-0.128000	-0.128000	-0.128000	-0.128000	-0.128000	-0.128000	-0.128000	-0.128000	-0.128000	-0.128000	-0.128000	-0.128000	-0.128000	-0.128000	-0.128000
-0.128000	-0.128000	-0.128000	-0.128000	-0.128000	-0.128000	-0.128000	-0.128000	-0.128000	-0.128000	-0.128000	-0.128000	-0.128000	-0.128000	-0.128000	-0.128000	-0.128000	-0.128000	-0.128000	-0.128000	-0.128000	-0.128000	-0.128000	-0.128000	-0.128000	-0.128000	-0.128000	-0.128000	-0.128000	-0.128000	-0.128000	-0.128000
-0.128000	-0.128000	-0.128000	-0.128000	-0.128000	-0.128000	-0.128000	-0.128000	-0.128000	-0.128000	-0.128000	-0.128000	-0.128000	-0.128000	-0.128000	-0.128000	-0.128000	-0.128000	-0.128000	-0.128000	-0.128000	-0.128000	-0.128000	-0.128000	-0.128000	-0.128000	-0.128000	-0.128000	-0.128000	-0.128000	-0.128000	-0.128000
-0.128000	-0.128000	-0.128000	-0.128000	-0.128000	-0.128000	-0.128000	-0.128000	-0.128000	-0.128000	-0.128000	-0.128000	-0.128000	-0.128000	-0.128000	-0.128000	-0.128000	-0.128000	-0.128000	-0.128000	-0.128000	-0.128000	-0.128000	-0.128000	-0.128000	-0.128000	-0.128000	-0.128000	-0.128000	-0.128000	-0.128000	-0.128000
-0.128000	-0.128000	-0.128000	-0.128000	-0.128000	-0.128000	-0.128000	-0.128000	-0.128000	-0.128000	-0.128000	-0.128000	-0.128000	-0.128000	-0.128000	-0.128000	-0.128000	-0.128000	-0.128000	-0.128000	-0.128000	-0.128000	-0.128000	-0.128000	-0.128000	-0.128000	-0.128000	-0.128000	-0.128000	-0.128000	-0.128000	-0.128000
-0.128000	-0.128000	-0.128000	-0.128000	-0.128000	-0.128000	-0.128000	-0.128000	-0.128000	-0.128000	-0.128000	-0.128000	-0.128000	-0.128000	-0.128000	-0.128000	-0.128000	-0.128000	-0.128000	-0.128000	-0.128000	-0.128000	-0.128000	-0.128000	-0.128000	-0.128000	-0.128000	-0.128000	-0.128000	-0.128000	-0.128000	-0.128000
-0.128000	-0.128000	-0.128000	-0.128000	-0.128000	-0.128000	-0.128000	-0.128000	-0.128000	-0.128000	-0.128000	-0.128000	-0.128000	-0.128000	-0.128000	-0.128000	-0.128000	-0.128000	-0.128000	-0.128000	-0.128000	-0.128000	-0.128000	-0.128000	-0.128000	-0.128000	-0.128000	-0.128000	-0.128000	-0.128000	-0.128000	-0.128000
-0.128000	-0.128000	-0.128000	-0.128000	-0.128000	-0.128000	-0.128000	-0.128000	-0.128000	-0.128000	-0.128000	-0.128000	-0.128000	-0.128000	-0.128000	-0.128000	-0.128000	-0.128000	-0.128000	-0.128000	-0.128000	-0.128000	-0.128000	-0.128000	-0.128000	-0.128000	-0.128000	-0.128000	-0.128000	-0.128000	-0.128000	-0.128000
-0.128000	-0.128000	-0.128000	-0.128000	-0.128000	-0.128000	-0.128000	-0.128000	-0.128000	-0.128000	-0.128000	-0.128000	-0.128000	-0.128000	-0.128000	-0.128000	-0.128000	-0.128000	-0.128000	-0.128000	-0.128000	-0.128000	-0.128000	-0.128000	-0.128000	-0.128000	-0.128000	-0.128000	-0.128000	-0.128000	-0.128000	-0.128000
-0.128000	-0.128000	-0.128000	-0.128000	-0.128000	-0.128000	-0.128000	-0.128000	-0.128000	-0.128000	-0.128000	-0.128000	-0.128000	-0.128000	-0.128000	-0.128000	-0.128000	-0.128000	-0.128000	-0.128000	-0.128000	-0.128000	-0.128000	-0.128000	-0.128000	-0.128000	-0.128000	-0.128000	-0.128000	-0.128000	-0.128000	-0.128000
-0.128000	-0.128000	-0.128000	-0.128000	-0.128000	-0.128000	-0.128000	-0.128000	-0.128000	-0.128000	-0.128000	-0.128000	-0.128000	-0.128000	-0.128000	-0.128000	-0.128000	-0.128000	-0.128000	-0.128000	-0.128000	-0.128000	-0.128000	-0.128000	-0.128000	-0.128000	-0.128000	-0.128000	-0.128000	-0.128000	-0.128000	-0.128000
-0.128000	-0.128000	-0.128000	-0.128000	-0.128000	-0.128000	-0.128000	-0.128000	-0.128000	-0.128000	-0.128000	-0.128000	-0.128000	-0.128000	-0.128000	-0.128000	-0.128000	-0.128000	-0.128000	-0.128000	-0.128000	-0.128000	-0.128000	-0.128000	-0.128000	-0.128000	-0.128000	-0.128000	-0.128000	-0.128000	-0.128000	-0.128000
-0.128000	-0.128000	-0.128000	-0.128000	-0.128000	-0.128000	-0.128000	-0.128000	-0.128000	-0.128000	-0.128000	-0.128000	-0.128000	-0.128000	-0.128000	-0.128000	-0.128000	-0.128000	-0.128000	-0.128000	-0.128000	-0.128000	-0.128000	-0.128000	-0.128000	-0.128000	-0.128000	-0.128000	-0.128000	-0.128000	-0.128000	-0.128000
-0.128000	-0.128000	-0.128000	-0.128000	-0.128000	-0.128000	-0.128000	-0.128000	-0.128000	-0.128000	-0.128000	-0.128000	-0.128000	-0.128000	-0.128000	-0.128000	-0.128000	-0.128000	-0.128000	-0.128000	-0.128000	-0.128000	-0.128000	-0.128000	-0.128000	-0.128000	-0.128000	-0.128000	-0.128000	-0.128000	-0.128000	-0.128000
-0.128000	-0.128000	-0.128000	-0.128000	-0.128000	-0.128000	-0.128000	-0.128000	-0.128000	-0.128000	-0.128000	-0.128000	-0.128000	-0.128000	-0.128000	-0.128000	-0.128000	-0.128000	-0.128000	-0.128000	-0.128000	-0.128000	-0.128000	-0.128000	-0.128000	-0.128000	-0.128000	-0.128000	-0.128000	-0.128000	-0.128000	-0.128000
-0.128000	-0.128000	-0.128000	-0.128000	-0.128000	-0.128000	-0.128000	-0.128000	-0.128000	-0.128000	-0.128000	-0.128000	-0.128000	-0.128000	-0.128000	-0.128000	-0.128000	-0.128000	-0.128000	-0.128000	-0.128000	-0.128000	-0.128000	-0.128000	-0.128000	-0.128000	-0.128000	-0.128000	-0.128000	-0.128000	-0.128000	-0.128000
-0.128000	-0.128000	-0.128000	-0.128000	-0.128000	-0.128000	-0.128000	-0.128000	-0.128000	-0.128000	-0.128000	-0.128000	-0.128000	-0.128000	-0.128000	-0.128000	-0.128000	-0.128000	-0.128000	-0.128000	-0.128000	-0.128000	-0.128000	-0.128000	-0.128000	-0.128000	-0.128000	-0.128000	-0.128000	-0.128000	-0.128000	-0.128000
-0.128000	-0.128000	-0.128000	-0.128000	-0.128000	-0.128000	-0.128000	-0.128000	-0.128000	-0.128000	-0.128000	-0.128000	-0.128000	-0.128000	-0.128000	-0.128000	-0.128000	-0.128000	-0.128000	-0.128000	-0.128000	-0.128000	-0.128000	-0.128000	-0.128000	-0.128000	-0.128000	-0.128000	-0.128000	-0.128000	-0.128000	-0.128000
-0.128000	-0.128000	-0.128000	-0.128000	-0.128000	-0.128000	-0.128000	-0.128000	-0.128000	-0.128000	-0.128000	-0.128000	-0.128000	-0.128000	-0.128000	-0.128000	-0.128000	-0.128000	-0.128000	-0.128000	-0.128000	-0.128000	-0.128000	-0.128000	-0.128000	-0.128000	-0.128000	-0.128000	-0.128000	-0.128000	-0.128000	-0.128000
-0.128000	-0.128000	-0.128000	-0.128000	-0.128000	-0.128000	-0.128000	-0.128000	-0.128000	-0.128000	-0.128000	-0.128000	-0.128000	-0.128000	-0.128000	-0.128000	-0.128000	-0.128000	-0.128000	-0.128000	-0.128000	-0.128000	-0.128000	-0.128000	-0.128000	-0.128000	-0.128000	-0.128000	-0.128000	-0.128000	-0.128000	-0.128000
-0.128000	-0.128000	-0.128000	-0.128000	-0.128000	-0.128000	-0.128000	-0.128000	-0.128000	-0.128000	-0.128000	-0.128000	-0.128000	-0.128000	-0.128000	-0.128000	-0.128000	-0.128000	-0.128000	-0.128000	-0.128000	-0.128000	-0.128000	-0.128000	-0.128000	-0.128000	-0.128000	-0.128000	-0.128000	-0.128000	-0.128000	-0.128000
-0.128000	-0.128000	-0.128000	-0.128000	-0.128000	-0.128000	-0.128000	-0.128000	-0.128000	-0.128000	-0.128000	-0.128000	-0.128000	-0.128000	-0.128000	-0.128000	-0.128000	-0.128000	-0.128000	-0.128000	-0.128000	-0.128000	-0.128000	-0.128000	-0.128000	-0.128000	-0.128000	-0.128000	-0.128000	-0.128000	-0.128000	-0.128000
-0.128000	-0.128000	-0.128000	-0.128000	-0.128000	-0.128000	-0.128000	-0.128000	-0.128000	-0.128000	-0.128000	-0.128000	-0.128000	-0.128000	-0.128000	-0.128000	-0.128000	-0.128000	-0.128000	-0.128000	-0.128000	-0.128000	-0.128000	-0.128000	-0.128000	-0.128000	-0.128000	-0.128000	-0.128000	-0.128000	-0.128000	-0.128000
-0.128000	-0.128000	-0.128000	-0.128000	-0.128000	-0.128000	-0.128000	-0.128000	-0.128000	-0.128000	-0.128000	-0.128000	-0.128000	-0.128000	-0.128000	-0.128000	-0.128000	-0.128000	-0.128000	-0.128000	-0.128000	-0.128000	-0.128000	-0.128000	-0.128000	-0.128000	-0.128000	-0.128000	-0.128000	-0.128000	-0.128000	-0.128000
-0.128000	-0.128000	-0.128000	-0.128000	-0.128000	-0.128000	-0.128000	-0.128000	-0.128000	-0.128000	-0.128000	-0.128000	-0.128000	-0.128000	-0.128000	-0.128000	-0.128000	-0.128000	-0.128000	-0.128000	-0.128000	-0.128000	-0.128000	-0.128000	-0.128000	-0.128000	-0.128000	-0.128000	-0.128000	-0.128000	-0.128000	-0.128000
-0.128000	-0.128000	-0.128000	-0.128000	-0.128000	-0.128000	-0.128000	-0.128000	-0.128000	-0.128000	-0.128000	-0.128000	-0.128000	-0.128000	-0.128000	-0.128000	-0.128000	-0.128000	-0.128000	-0.128000	-0.128000	-0.128000	-0.128000	-0.128000	-0.128000	-0.128000	-0.128000	-0.128000	-0.128000	-0.128000	-0.128000	-0.128000
